   1.0000000000000000       ,    -2.2056975507889914E-006
   2.0000000000000000       ,    -6.8564148493752950E-007
   3.0000000000000004       ,    -3.4083921036620894E-007
   4.0000000000000000       ,    -2.0349909268188154E-007
   5.0000000000000000       ,    -1.3440069477194397E-007
   6.0000000000000000       ,    -9.4798261722853477E-008
   7.0000000000000000       ,    -7.0103843417038382E-008
   8.0000000000000000       ,    -5.3756070804032086E-008
   9.0000000000000018       ,    -4.2433489568658872E-008
   10.000000000000002       ,    -3.4306149154104199E-008
   11.000000000000002       ,    -2.8299319182833468E-008
   12.000000000000004       ,    -2.3749384811045991E-008
   13.000000000000004       ,    -2.0229661265908511E-008
   14.000000000000005       ,    -1.7456461508552426E-008
   15.000000000000005       ,    -1.5235766574649836E-008
   16.000000000000004       ,    -1.3431626116084620E-008
   17.000000000000004       ,    -1.1946746730805991E-008
   18.000000000000004       ,    -1.0710192851909602E-008
   19.000000000000000       ,    -9.6693823012335925E-009
   20.000000000000000       ,    -8.7847529411581792E-009
   21.000000000000000       ,    -8.0261343527239463E-009
   22.000000000000000       ,    -7.3702331856940543E-009
   22.999999999999996       ,    -6.7988610005029049E-009
   23.999999999999996       ,    -6.2976663410870295E-009
   24.999999999999996       ,    -5.8552149879873730E-009
   25.999999999999993       ,    -5.4623143070561497E-009
   26.999999999999993       ,    -5.1115111118742722E-009
   27.999999999999993       ,    -4.7967144470171477E-009
   28.999999999999993       ,    -4.5129093709642736E-009
   29.999999999999989       ,    -4.2559377537154490E-009
   30.999999999999993       ,    -4.0223289285124030E-009
   31.999999999999996       ,    -3.8091677835641910E-009
   33.000000000000000       ,    -3.6139912210130587E-009
   34.000000000000000       ,    -3.4347062884926877E-009
   35.000000000000000       ,    -3.2695249988760870E-009
   36.000000000000007       ,    -3.1169120955946122E-009
   37.000000000000007       ,    -2.9755429309500400E-009
   38.000000000000007       ,    -2.8442692973524860E-009
   39.000000000000014       ,    -2.7220915524910901E-009
   40.000000000000014       ,    -2.6081357556805912E-009
   41.000000000000014       ,    -2.5016348170061973E-009
   42.000000000000021       ,    -2.4019128776649217E-009
   43.000000000000021       ,    -2.3083723057589186E-009
   44.000000000000021       ,    -2.2204828199738383E-009
   45.000000000000028       ,    -2.1377723527987036E-009
   46.000000000000028       ,    -2.0598193425514915E-009
   47.000000000000028       ,    -1.9862462041971490E-009
   48.000000000000036       ,    -1.9167137769470931E-009
   49.000000000000036       ,    -1.8509165846238955E-009
   50.000000000000036       ,    -1.7885787750361022E-009
   51.000000000000043       ,    -1.7294506288265396E-009
   52.000000000000043       ,    -1.6733055477409817E-009
   53.000000000000043       ,    -1.6199374479530949E-009
   54.000000000000050       ,    -1.5691584968298445E-009
   55.000000000000050       ,    -1.5207971418878136E-009
   56.000000000000050       ,    -1.4746963891422351E-009
   57.000000000000057       ,    -1.4307122950233587E-009
   58.000000000000057       ,    -1.3887126417195888E-009
   59.000000000000057       ,    -1.3485757705516789E-009
   60.000000000000064       ,    -1.3101895518811982E-009
   61.000000000000057       ,    -1.2734504733236487E-009
   62.000000000000050       ,    -1.2382628307343439E-009
   63.000000000000050       ,    -1.2045380087277053E-009
   64.000000000000043       ,    -1.1721938393841094E-009
   65.000000000000043       ,    -1.1411540294099213E-009
   66.000000000000028       ,    -1.1113476473724849E-009
   67.000000000000028       ,    -1.0827086637830600E-009
   68.000000000000028       ,    -1.0551755377679251E-009
   69.000000000000028       ,    -1.0286908449133702E-009
   70.000000000000014       ,    -1.0032009415605195E-009
   71.000000000000014       ,    -9.7865566144924288E-010
   72.000000000000014       ,    -9.5500804112295305E-010
   73.000000000000000       ,    -9.3221407095052644E-010
   74.000000000000000       ,    -9.1023246901996666E-010
   75.000000000000000       ,    -8.8902447547809631E-010
   75.999999999999986       ,    -8.6855366518614465E-010
   76.999999999999986       ,    -8.4878577681294821E-010
   77.999999999999986       ,    -8.2968855670115269E-010
   78.999999999999986       ,    -8.1123161603508414E-010
   79.999999999999972       ,    -7.9338630000197711E-010
   80.999999999999972       ,    -7.7612556778739454E-010
   81.999999999999972       ,    -7.5942388236795987E-010
   82.999999999999957       ,    -7.4325710917935776E-010
   83.999999999999957       ,    -7.2760242283561699E-010
   84.999999999999957       ,    -7.1243822116222320E-010
   85.999999999999943       ,    -6.9774404588111883E-010
   86.999999999999943       ,    -6.8350050935272224E-010
   87.999999999999943       ,    -6.6968922684481062E-010
   88.999999999999943       ,    -6.5629275384456774E-010
   89.999999999999929       ,    -6.4329452798186477E-010
   90.999999999999929       ,    -6.3067881517392448E-010
   91.999999999999929       ,    -6.1843065963505055E-010
   92.999999999999915       ,    -6.0653583743668354E-010
   93.999999999999915       ,    -5.9498081331977879E-010
   94.999999999999915       ,    -5.8375270050490299E-010
   95.999999999999901       ,    -5.7283922325607550E-010
   96.999999999999901       ,    -5.6222868198119677E-010
   97.999999999999901       ,    -5.5190992067364376E-010
   98.999999999999901       ,    -5.4187229651173885E-010
   99.999999999999886       ,    -5.3210565145291503E-010
   100.99999999999989       ,    -5.2260028567128164E-010
   101.99999999999989       ,    -5.1334693270197075E-010
   102.99999999999987       ,    -5.0433673616545889E-010
   103.99999999999987       ,    -4.9556122795624546E-010
   104.99999999999987       ,    -4.8701230779033714E-010
   105.99999999999986       ,    -4.7868222401512871E-010
   106.99999999999986       ,    -4.7056355558978659E-010
   107.99999999999986       ,    -4.6264919515698015E-010
   108.99999999999986       ,    -4.5493233312826585E-010
   109.99999999999984       ,    -4.4740644271361281E-010
   110.99999999999984       ,    -4.4006526583167832E-010
   111.99999999999984       ,    -4.3290279984057085E-010
   112.99999999999983       ,    -4.2591328503411570E-010
   113.99999999999983       ,    -4.1909119285428139E-010
   114.99999999999983       ,    -4.1243121477110721E-010
   115.99999999999982       ,    -4.0592825178737163E-010
   116.99999999999982       ,    -3.9957740452887473E-010
   117.99999999999982       ,    -3.9337396388103359E-010
   118.99999999999982       ,    -3.8731340213833657E-010
   119.99999999999980       ,    -3.8139136463476775E-010
   120.99999999999980       ,    -3.7560366182460383E-010
   121.99999999999980       ,    -3.6994626178572246E-010
   122.99999999999979       ,    -3.6441528312045499E-010
   123.99999999999979       ,    -3.5900698822909566E-010
   124.99999999999979       ,    -3.5371777693398292E-010
   125.99999999999977       ,    -3.4854418043327061E-010
   126.99999999999977       ,    -3.4348285556451968E-010
   127.99999999999977       ,    -3.3853057936065305E-010
   128.99999999999977       ,    -3.3368424388060550E-010
   129.99999999999977       ,    -3.2894085129897493E-010
   130.99999999999974       ,    -3.2429750924024048E-010
   131.99999999999974       ,    -3.1975142634247458E-010
   132.99999999999974       ,    -3.1529990803973405E-010
   133.99999999999974       ,    -3.1094035254838519E-010
   134.99999999999974       ,    -3.0667024704750367E-010
   135.99999999999974       ,    -3.0248716404295911E-010
   136.99999999999974       ,    -2.9838875790403625E-010
   137.99999999999972       ,    -2.9437276156320487E-010
   138.99999999999972       ,    -2.9043698337194404E-010
   139.99999999999972       ,    -2.8657930410203089E-010
   140.99999999999972       ,    -2.8279767408605794E-010
   141.99999999999972       ,    -2.7909011048913975E-010
   142.99999999999972       ,    -2.7545469470518321E-010
   143.99999999999969       ,    -2.7188956987128111E-010
   144.99999999999969       ,    -2.6839293849379484E-010
   145.99999999999969       ,    -2.6496306018099654E-010
   146.99999999999969       ,    -2.6159824947570880E-010
   147.99999999999969       ,    -2.5829687378468439E-010
   148.99999999999969       ,    -2.5505735139771694E-010
   149.99999999999969       ,    -2.5187814959364550E-010
   150.99999999999966       ,    -2.4875778282841720E-010
   151.99999999999966       ,    -2.4569481100043109E-010
   152.99999999999966       ,    -2.4268783779097608E-010
   153.99999999999966       ,    -2.3973550907435279E-010
   154.99999999999966       ,    -2.3683651139542231E-010
   155.99999999999966       ,    -2.3398957051109141E-010
   156.99999999999966       ,    -2.3119344999250101E-010
   157.99999999999963       ,    -2.2844694988486673E-010
   158.99999999999963       ,    -2.2574890542333186E-010
   159.99999999999963       ,    -2.2309818580027614E-010
   160.99999999999963       ,    -2.2049369298378639E-010
   161.99999999999963       ,    -2.1793436058312053E-010
   162.99999999999963       ,    -2.1541915276054518E-010
   163.99999999999960       ,    -2.1294706318598044E-010
   164.99999999999960       ,    -2.1051711403361493E-010
   165.99999999999960       ,    -2.0812835501827112E-010
   166.99999999999960       ,    -2.0577986246900897E-010
   167.99999999999960       ,    -2.0347073843969312E-010
   168.99999999999960       ,    -2.0120010985363880E-010
   169.99999999999960       ,    -1.9896712768135435E-010
   170.99999999999957       ,    -1.9677096615002674E-010
   171.99999999999957       ,    -1.9461082198293783E-010
   172.99999999999957       ,    -1.9248591366817456E-010
   173.99999999999957       ,    -1.9039548075455370E-010
   174.99999999999957       ,    -1.8833878317402727E-010
   175.99999999999957       ,    -1.8631510058993790E-010
   176.99999999999957       ,    -1.8432373176876887E-010
   177.99999999999955       ,    -1.8236399397558860E-010
   178.99999999999955       ,    -1.8043522239151815E-010
   179.99999999999955       ,    -1.7853676955269709E-010
   180.99999999999955       ,    -1.7666800480940249E-010
   181.99999999999955       ,    -1.7482831380492589E-010
   182.99999999999955       ,    -1.7301709797322862E-010
   183.99999999999952       ,    -1.7123377405440492E-010
   184.99999999999952       ,    -1.6947777362755729E-010
   185.99999999999952       ,    -1.6774854266032398E-010
   186.99999999999952       ,    -1.6604554107397558E-010
   187.99999999999952       ,    -1.6436824232403609E-010
   188.99999999999952       ,    -1.6271613299556876E-010
   189.99999999999952       ,    -1.6108871241234397E-010
   190.99999999999949       ,    -1.5948549225957397E-010
   191.99999999999949       ,    -1.5790599621961593E-010
   192.99999999999949       ,    -1.5634975962030593E-010
   193.99999999999949       ,    -1.5481632909504053E-010
   194.99999999999949       ,    -1.5330526225446172E-010
   195.99999999999949       ,    -1.5181612736923062E-010
   196.99999999999949       ,    -1.5034850306350340E-010
   197.99999999999946       ,    -1.4890197801849787E-010
   198.99999999999946       ,    -1.4747615068601498E-010
   199.99999999999946       ,    -1.4607062901148412E-010
   200.99999999999946       ,    -1.4468503016599070E-010
   201.99999999999946       ,    -1.4331898028713211E-010
   202.99999999999946       ,    -1.4197211422847312E-010
   203.99999999999943       ,    -1.4064407531687095E-010
   204.99999999999943       ,    -1.3933451511788342E-010
   205.99999999999943       ,    -1.3804309320858514E-010
   206.99999999999943       ,    -1.3676947695767589E-010
   207.99999999999943       ,    -1.3551334131264135E-010
   208.99999999999943       ,    -1.3427436859364279E-010
   209.99999999999943       ,    -1.3305224829392974E-010
   210.99999999999940       ,    -1.3184667688640784E-010
   211.99999999999940       ,    -1.3065735763655256E-010
   212.99999999999940       ,    -1.2948400042077642E-010
   213.99999999999940       ,    -1.2832632155072083E-010
   214.99999999999940       ,    -1.2718404360280969E-010
   215.99999999999940       ,    -1.2605689525320079E-010
   216.99999999999937       ,    -1.2494461111761608E-010
   217.99999999999937       ,    -1.2384693159613737E-010
   218.99999999999937       ,    -1.2276360272272341E-010
   219.99999999999937       ,    -1.2169437601920960E-010
   220.99999999999937       ,    -1.2063900835389765E-010
   221.99999999999937       ,    -1.1959726180397576E-010
   222.99999999999937       ,    -1.1856890352255192E-010
   223.99999999999935       ,    -1.1755370560921158E-010
   224.99999999999935       ,    -1.1655144498468067E-010
   225.99999999999935       ,    -1.1556190326894948E-010
   226.99999999999935       ,    -1.1458486666321779E-010
   227.99999999999935       ,    -1.1362012583510657E-010
   228.99999999999935       ,    -1.1266747580728134E-010
   229.99999999999935       ,    -1.1172671584923224E-010
   230.99999999999932       ,    -1.1079764937231636E-010
   231.99999999999932       ,    -1.0988008382763947E-010
   232.99999999999932       ,    -1.0897383060703818E-010
   233.99999999999932       ,    -1.0807870494671337E-010
   234.99999999999932       ,    -1.0719452583369884E-010
   235.99999999999932       ,    -1.0632111591496397E-010
   236.99999999999929       ,    -1.0545830140906570E-010
   237.99999999999929       ,    -1.0460591202025952E-010
   238.99999999999932       ,    -1.0376378085502474E-010
   239.99999999999935       ,    -1.0293174434090483E-010
   240.99999999999937       ,    -1.0210964214763844E-010
   241.99999999999937       ,    -1.0129731711034642E-010
   242.99999999999940       ,    -1.0049461515497759E-010
   243.99999999999943       ,    -9.9701385225791440E-011
   244.99999999999946       ,    -9.8917479214581176E-011
   245.99999999999949       ,    -9.8142751892168214E-011
   246.99999999999949       ,    -9.7377060841483173E-011
   247.99999999999952       ,    -9.6620266392575896E-011
   248.99999999999955       ,    -9.5872231559326466E-011
   249.99999999999957       ,    -9.5132821977916022E-011
   250.99999999999957       ,    -9.4401905846792276E-011
   251.99999999999960       ,    -9.3679353868450205E-011
   252.99999999999963       ,    -9.2965039192423926E-011
   253.99999999999966       ,    -9.2258837360217040E-011
   254.99999999999969       ,    -9.1560626251321721E-011
   255.99999999999969       ,    -9.0870286030724721E-011
   256.99999999999972       ,    -9.0187699097888797E-011
   257.99999999999972       ,    -8.9512750037032948E-011
   258.99999999999977       ,    -8.8845325568590581E-011
   259.99999999999977       ,    -8.8185314502018386E-011
   260.99999999999983       ,    -8.7532607689789409E-011
   261.99999999999983       ,    -8.6887097982556688E-011
   262.99999999999983       ,    -8.6248680185497824E-011
   263.99999999999989       ,    -8.5617251015678039E-011
   264.99999999999989       ,    -8.4992709060584313E-011
   265.99999999999994       ,    -8.4374954737667617E-011
   266.99999999999994       ,    -8.3763890254910156E-011
   267.99999999999994       ,    -8.3159419572359800E-011
   269.00000000000000       ,    -8.2561448364678063E-011
   270.00000000000000       ,    -8.1969883984491255E-011
   271.00000000000006       ,    -8.1384635426833779E-011
   272.00000000000006       ,    -8.0805613294313496E-011
   273.00000000000006       ,    -8.0232729763230603E-011
   274.00000000000011       ,    -7.9665898550453599E-011
   275.00000000000011       ,    -7.9105034881172722E-011
   276.00000000000011       ,    -7.8550055457383318E-011
   277.00000000000017       ,    -7.8000878427176339E-011
   278.00000000000017       ,    -7.7457423354706177E-011
   279.00000000000023       ,    -7.6919611191012682E-011
   280.00000000000023       ,    -7.6387364245364424E-011
   281.00000000000023       ,    -7.5860606157440541E-011
   282.00000000000028       ,    -7.5339261870088463E-011
   283.00000000000028       ,    -7.4823257602783178E-011
   284.00000000000034       ,    -7.4312520825635550E-011
   285.00000000000034       ,    -7.3806980234144927E-011
   286.00000000000034       ,    -7.3306565724431602E-011
   287.00000000000040       ,    -7.2811208369035817E-011
   288.00000000000040       ,    -7.2320840393435491E-011
   289.00000000000045       ,    -7.1835395152901601E-011
   290.00000000000045       ,    -7.1354807110101249E-011
   291.00000000000045       ,    -7.0879011813028880E-011
   292.00000000000051       ,    -7.0407945873580574E-011
   293.00000000000051       ,    -6.9941546946565607E-011
   294.00000000000057       ,    -6.9479753709202021E-011
   295.00000000000057       ,    -6.9022505841073902E-011
   296.00000000000057       ,    -6.8569744004589311E-011
   297.00000000000063       ,    -6.8121409825820106E-011
   298.00000000000063       ,    -6.7677445875810675E-011
   299.00000000000063       ,    -6.7237795652300044E-011
   300.00000000000068       ,    -6.6802403561871739E-011
   301.00000000000068       ,    -6.6371214902444086E-011
   302.00000000000074       ,    -6.5944175846273550E-011
   303.00000000000074       ,    -6.5521233423152299E-011
   304.00000000000074       ,    -6.5102335504179105E-011
   305.00000000000080       ,    -6.4687430785743944E-011
   306.00000000000080       ,    -6.4276468773937659E-011
   307.00000000000085       ,    -6.3869399769262037E-011
   308.00000000000085       ,    -6.3466174851713164E-011
   309.00000000000085       ,    -6.3066745866156791E-011
   310.00000000000091       ,    -6.2671065408073996E-011
   311.00000000000091       ,    -6.2279086809532475E-011
   312.00000000000097       ,    -6.1890764125533480E-011
   313.00000000000097       ,    -6.1506052120646553E-011
   314.00000000000097       ,    -6.1124906255877265E-011
   315.00000000000102       ,    -6.0747282675883170E-011
   316.00000000000102       ,    -6.0373138196435216E-011
   317.00000000000108       ,    -6.0002430292134582E-011
   318.00000000000108       ,    -5.9635117084367956E-011
   319.00000000000108       ,    -5.9271157329628587E-011
   320.00000000000114       ,    -5.8910510407955297E-011
   321.00000000000114       ,    -5.8553136311649959E-011
   322.00000000000114       ,    -5.8198995634308316E-011
   323.00000000000119       ,    -5.7848049559962375E-011
   324.00000000000119       ,    -5.7500259852555738E-011
   325.00000000000125       ,    -5.7155588845511923E-011
   326.00000000000125       ,    -5.6813999431713049E-011
   327.00000000000125       ,    -5.6475455053472802E-011
   328.00000000000131       ,    -5.6139919692866797E-011
   329.00000000000131       ,    -5.5807357862158538E-011
   330.00000000000136       ,    -5.5477734594536785E-011
   331.00000000000136       ,    -5.5151015434918592E-011
   332.00000000000136       ,    -5.4827166431030833E-011
   333.00000000000142       ,    -5.4506154124641336E-011
   334.00000000000142       ,    -5.4187945542939943E-011
   335.00000000000148       ,    -5.3872508190150060E-011
   336.00000000000148       ,    -5.3559810039262994E-011
   337.00000000000148       ,    -5.3249819523965386E-011
   338.00000000000153       ,    -5.2942505530711041E-011
   339.00000000000153       ,    -5.2637837390940082E-011
   340.00000000000153       ,    -5.2335784873551970E-011
   341.00000000000159       ,    -5.2036318177326633E-011
   342.00000000000159       ,    -5.1739407923705346E-011
   343.00000000000165       ,    -5.1445025149617804E-011
   344.00000000000165       ,    -5.1153141300400956E-011
   345.00000000000165       ,    -5.0863728222982205E-011
   346.00000000000171       ,    -5.0576758159089596E-011
   347.00000000000171       ,    -5.0292203738661476E-011
   348.00000000000176       ,    -5.0010037973320543E-011
   349.00000000000176       ,    -4.9730234250033020E-011
   350.00000000000176       ,    -4.9452766324877501E-011
   351.00000000000182       ,    -4.9177608316910749E-011
   352.00000000000182       ,    -4.8904734702162699E-011
   353.00000000000188       ,    -4.8634120307759292E-011
   354.00000000000188       ,    -4.8365740306151390E-011
   355.00000000000188       ,    -4.8099570209450640E-011
   356.00000000000193       ,    -4.7835585863866852E-011
   357.00000000000193       ,    -4.7573763444263163E-011
   358.00000000000199       ,    -4.7314079448812062E-011
   359.00000000000199       ,    -4.7056510693745573E-011
   360.00000000000199       ,    -4.6801034308217266E-011
   361.00000000000205       ,    -4.6547627729245592E-011
   362.00000000000205       ,    -4.6296268696761833E-011
   363.00000000000205       ,    -4.6046935248751861E-011
   364.00000000000210       ,    -4.5799605716482628E-011
   365.00000000000210       ,    -4.5554258719799408E-011
   366.00000000000216       ,    -4.5310873162578611E-011
   367.00000000000216       ,    -4.5069428228183567E-011
   368.00000000000216       ,    -4.4829903375020591E-011
   369.00000000000222       ,    -4.4592278332239350E-011
   370.00000000000222       ,    -4.4356533095428659E-011
   371.00000000000227       ,    -4.4122647922459743E-011
   372.00000000000227       ,    -4.3890603329334867E-011
   373.00000000000227       ,    -4.3660380086207976E-011
   374.00000000000233       ,    -4.3431959213349602E-011
   375.00000000000233       ,    -4.3205321977340815E-011
   376.00000000000239       ,    -4.2980449887163980E-011
   377.00000000000239       ,    -4.2757324690528426E-011
   378.00000000000239       ,    -4.2535928370132800E-011
   379.00000000000244       ,    -4.2316243140078499E-011
   380.00000000000244       ,    -4.2098251442304176E-011
   381.00000000000244       ,    -4.1881935943085949E-011
   382.00000000000250       ,    -4.1667279529627554E-011
   383.00000000000250       ,    -4.1454265306686908E-011
   384.00000000000256       ,    -4.1242876593276402E-011
   385.00000000000256       ,    -4.1033096919391847E-011
   386.00000000000256       ,    -4.0824910022846158E-011
   387.00000000000261       ,    -4.0618299846111098E-011
   388.00000000000261       ,    -4.0413250533272111E-011
   389.00000000000267       ,    -4.0209746426951617E-011
   390.00000000000267       ,    -4.0007772065382643E-011
   391.00000000000267       ,    -3.9807312179474872E-011
   392.00000000000273       ,    -3.9608351689906291E-011
   393.00000000000273       ,    -3.9410875704358189E-011
   394.00000000000279       ,    -3.9214869514715488E-011
   395.00000000000279       ,    -3.9020318594330641E-011
   396.00000000000279       ,    -3.8827208595366756E-011
   397.00000000000284       ,    -3.8635525346157176E-011
   398.00000000000284       ,    -3.8445254848608352E-011
   399.00000000000290       ,    -3.8256383275690546E-011
   400.00000000000290       ,    -3.8068896968898611E-011
   401.00000000000290       ,    -3.7882782435810393E-011
   402.00000000000296       ,    -3.7698026347686004E-011
   403.00000000000296       ,    -3.7514615537068451E-011
   404.00000000000296       ,    -3.7332536995473551E-011
   405.00000000000301       ,    -3.7151777871078035E-011
   406.00000000000301       ,    -3.6972325466461229E-011
   407.00000000000307       ,    -3.6794167236405451E-011
   408.00000000000307       ,    -3.6617290785695564E-011
   409.00000000000307       ,    -3.6441683866982529E-011
   410.00000000000313       ,    -3.6267334378662295E-011
   411.00000000000313       ,    -3.6094230362830310E-011
   412.00000000000318       ,    -3.5922360003202452E-011
   413.00000000000318       ,    -3.5751711623138987E-011
   414.00000000000318       ,    -3.5582273683660765E-011
   415.00000000000324       ,    -3.5414034781494813E-011
   416.00000000000324       ,    -3.5246983647187880E-011
   417.00000000000330       ,    -3.5081109143220091E-011
   418.00000000000330       ,    -3.4916400262145333E-011
   419.00000000000330       ,    -3.4752846124797041E-011
   420.00000000000335       ,    -3.4590435978477258E-011
   421.00000000000335       ,    -3.4429159195214201E-011
   422.00000000000335       ,    -3.4269005270026612E-011
   423.00000000000341       ,    -3.4109963819209988E-011
   424.00000000000341       ,    -3.3952024578693975E-011
   425.00000000000347       ,    -3.3795177402349927E-011
   426.00000000000347       ,    -3.3639412260407400E-011
   427.00000000000347       ,    -3.3484719237839798E-011
   428.00000000000352       ,    -3.3331088532790145E-011
   429.00000000000352       ,    -3.3178510455052884E-011
   430.00000000000358       ,    -3.3026975424505193E-011
   431.00000000000358       ,    -3.2876473969664748E-011
   432.00000000000358       ,    -3.2726996726172261E-011
   433.00000000000364       ,    -3.2578534435372646E-011
   434.00000000000364       ,    -3.2431077942863992E-011
   435.00000000000369       ,    -3.2284618197119939E-011
   436.00000000000369       ,    -3.2139146248077517E-011
   437.00000000000369       ,    -3.1994653245801044E-011
   438.00000000000375       ,    -3.1851130439123082E-011
   439.00000000000375       ,    -3.1708569174338487E-011
   440.00000000000381       ,    -3.1566960893905412E-011
   441.00000000000381       ,    -3.1426297135163176E-011
   442.00000000000381       ,    -3.1286569529064674E-011
   443.00000000000387       ,    -3.1147769798960585E-011
   444.00000000000387       ,    -3.1009889759362548E-011
   445.00000000000387       ,    -3.0872921314732884E-011
   446.00000000000392       ,    -3.0736856458334195E-011
   447.00000000000392       ,    -3.0601687271028398E-011
   448.00000000000398       ,    -3.0467405920157556E-011
   449.00000000000398       ,    -3.0334004658396029E-011
   450.00000000000398       ,    -3.0201475822645881E-011
   451.00000000000404       ,    -3.0069811832940562E-011
   452.00000000000404       ,    -2.9939005191365136E-011
   453.00000000000409       ,    -2.9809048481007676E-011
   454.00000000000409       ,    -2.9679934364877836E-011
   455.00000000000409       ,    -2.9551655584908048E-011
   456.00000000000415       ,    -2.9424204960938707E-011
   457.00000000000415       ,    -2.9297575389685098E-011
   458.00000000000421       ,    -2.9171759843791519E-011
   459.00000000000421       ,    -2.9046751370836821E-011
   460.00000000000421       ,    -2.8922543092380645E-011
   461.00000000000426       ,    -2.8799128203038248E-011
   462.00000000000426       ,    -2.8676499969528893E-011
   463.00000000000426       ,    -2.8554651729775188E-011
   464.00000000000432       ,    -2.8433576892003864E-011
   465.00000000000432       ,    -2.8313268933847998E-011
   466.00000000000438       ,    -2.8193721401478325E-011
   467.00000000000438       ,    -2.8074927908752215E-011
   468.00000000000438       ,    -2.7956882136340697E-011
   469.00000000000443       ,    -2.7839577830911364E-011
   470.00000000000443       ,    -2.7723008804302810E-011
   471.00000000000449       ,    -2.7607168932698239E-011
   472.00000000000449       ,    -2.7492052155837456E-011
   473.00000000000449       ,    -2.7377652476231206E-011
   474.00000000000455       ,    -2.7263963958362153E-011
   475.00000000000455       ,    -2.7150980727937223E-011
   476.00000000000460       ,    -2.7038696971136646E-011
   477.00000000000460       ,    -2.6927106933845973E-011
   478.00000000000455       ,    -2.6816204920949965E-011
   479.00000000000455       ,    -2.6705985295584054E-011
   480.00000000000449       ,    -2.6596442478431067E-011
   481.00000000000449       ,    -2.6487570947031458E-011
   482.00000000000443       ,    -2.6379365235068428E-011
   483.00000000000443       ,    -2.6271819931699520E-011
   484.00000000000438       ,    -2.6164929680875183E-011
   485.00000000000438       ,    -2.6058689180676758E-011
   486.00000000000432       ,    -2.5953093182670305E-011
   487.00000000000432       ,    -2.5848136491245282E-011
   488.00000000000426       ,    -2.5743813962987969E-011
   489.00000000000421       ,    -2.5640120506059227E-011
   490.00000000000421       ,    -2.5537051079557563E-011
   491.00000000000415       ,    -2.5434600692936236E-011
   492.00000000000415       ,    -2.5332764405373744E-011
   493.00000000000409       ,    -2.5231537325200272E-011
   494.00000000000409       ,    -2.5130914609301038E-011
   495.00000000000404       ,    -2.5030891462550158E-011
   496.00000000000404       ,    -2.4931463137224665E-011
   497.00000000000398       ,    -2.4832624932468571E-011
   498.00000000000398       ,    -2.4734372193720050E-011
   499.00000000000392       ,    -2.4636700312165862E-011
   500.00000000000392       ,    -2.4539604724215762E-011
   501.00000000000387       ,    -2.4443080910959713E-011
   502.00000000000381       ,    -2.4347124397652496E-011
   503.00000000000381       ,    -2.4251730753194467E-011
   504.00000000000375       ,    -2.4156895589618129E-011
   505.00000000000375       ,    -2.4062614561588798E-011
   506.00000000000369       ,    -2.3968883365917688E-011
   507.00000000000369       ,    -2.3875697741048580E-011
   508.00000000000364       ,    -2.3783053466610043E-011
   509.00000000000364       ,    -2.3690946362903578E-011
   510.00000000000358       ,    -2.3599372290461855E-011
   511.00000000000358       ,    -2.3508327149570500E-011
   512.00000000000352       ,    -2.3417806879819655E-011
   513.00000000000352       ,    -2.3327807459644837E-011
   514.00000000000341       ,    -2.3238324905888971E-011
   515.00000000000341       ,    -2.3149355273361849E-011
   516.00000000000341       ,    -2.3060894654398307E-011
   517.00000000000341       ,    -2.2972939178451909E-011
   518.00000000000330       ,    -2.2885485011647623E-011
   519.00000000000330       ,    -2.2798528356385049E-011
   520.00000000000330       ,    -2.2712065450918652E-011
   521.00000000000330       ,    -2.2626092568958429E-011
   522.00000000000318       ,    -2.2540606019258307E-011
   523.00000000000318       ,    -2.2455602145233655E-011
   524.00000000000318       ,    -2.2371077324577072E-011
   525.00000000000307       ,    -2.2287027968850241E-011
   526.00000000000307       ,    -2.2203450523126109E-011
   527.00000000000307       ,    -2.2120341465609126E-011
   528.00000000000307       ,    -2.2037697307261645E-011
   529.00000000000296       ,    -2.1955514591441404E-011
   530.00000000000296       ,    -2.1873789893543246E-011
   531.00000000000296       ,    -2.1792519820638160E-011
   532.00000000000296       ,    -2.1711701011137904E-011
   533.00000000000284       ,    -2.1631330134423250E-011
   534.00000000000284       ,    -2.1551403890528745E-011
   535.00000000000284       ,    -2.1471919009781683E-011
   536.00000000000284       ,    -2.1392872252491790E-011
   537.00000000000273       ,    -2.1314260408602212E-011
   538.00000000000273       ,    -2.1236080297382195E-011
   539.00000000000273       ,    -2.1158328767087475E-011
   540.00000000000261       ,    -2.1081002694665800E-011
   541.00000000000261       ,    -2.1004098985424324E-011
   542.00000000000261       ,    -2.0927614572737195E-011
   543.00000000000261       ,    -2.0851546417727781E-011
   544.00000000000250       ,    -2.0775891508978921E-011
   545.00000000000250       ,    -2.0700646862226360E-011
   546.00000000000250       ,    -2.0625809520078373E-011
   547.00000000000250       ,    -2.0551376551713014E-011
   548.00000000000239       ,    -2.0477345052600563E-011
   549.00000000000239       ,    -2.0403712144213307E-011
   550.00000000000239       ,    -2.0330474973755371E-011
   551.00000000000227       ,    -2.0257630713887880E-011
   552.00000000000227       ,    -2.0185176562448060E-011
   553.00000000000227       ,    -2.0113109742185666E-011
   554.00000000000227       ,    -2.0041427500502838E-011
   555.00000000000216       ,    -1.9970127109184854E-011
   556.00000000000216       ,    -1.9899205864143990E-011
   557.00000000000216       ,    -1.9828661085166862E-011
   558.00000000000216       ,    -1.9758490115656127E-011
   559.00000000000205       ,    -1.9688690322388957E-011
   560.00000000000205       ,    -1.9619259095265417E-011
   561.00000000000205       ,    -1.9550193847066310E-011
   562.00000000000193       ,    -1.9481492013213883E-011
   563.00000000000193       ,    -1.9413151051535140E-011
   564.00000000000193       ,    -1.9345168442026665E-011
   565.00000000000193       ,    -1.9277541686624845E-011
   566.00000000000182       ,    -1.9210268308972707E-011
   567.00000000000182       ,    -1.9143345854197840E-011
   568.00000000000182       ,    -1.9076771888692836E-011
   569.00000000000182       ,    -1.9010543999888313E-011
   570.00000000000171       ,    -1.8944659796031633E-011
   571.00000000000171       ,    -1.8879116905986902E-011
   572.00000000000171       ,    -1.8813912979009934E-011
   573.00000000000171       ,    -1.8749045684540170E-011
   574.00000000000159       ,    -1.8684512711994857E-011
   575.00000000000159       ,    -1.8620311770565552E-011
   576.00000000000159       ,    -1.8556440589009302E-011
   577.00000000000148       ,    -1.8492896915459628E-011
   578.00000000000148       ,    -1.8429678517217076E-011
   579.00000000000148       ,    -1.8366783180559725E-011
   580.00000000000148       ,    -1.8304208710551297E-011
   581.00000000000136       ,    -1.8241952930848450E-011
   582.00000000000136       ,    -1.8180013683509825E-011
   583.00000000000136       ,    -1.8118388828810929E-011
   584.00000000000136       ,    -1.8057076245066424E-011
   585.00000000000125       ,    -1.7996073828434748E-011
   586.00000000000125       ,    -1.7935379492757152E-011
   587.00000000000125       ,    -1.7874991169357638E-011
   588.00000000000114       ,    -1.7814906806893616E-011
   589.00000000000114       ,    -1.7755124371149561E-011
   590.00000000000114       ,    -1.7695641844897686E-011
   591.00000000000114       ,    -1.7636457227709158E-011
   592.00000000000102       ,    -1.7577568535789889E-011
   593.00000000000102       ,    -1.7518973801822237E-011
   594.00000000000102       ,    -1.7460671074788488E-011
   595.00000000000102       ,    -1.7402658419820449E-011
   596.00000000000091       ,    -1.7344933918037623E-011
   597.00000000000091       ,    -1.7287495666383274E-011
   598.00000000000091       ,    -1.7230341777470406E-011
   599.00000000000080       ,    -1.7173470379430652E-011
   600.00000000000080       ,    -1.7116879615762676E-011
   601.00000000000080       ,    -1.7060567645170031E-011
   602.00000000000080       ,    -1.7004532641427314E-011
   603.00000000000068       ,    -1.6948772793219338E-011
   604.00000000000068       ,    -1.6893286304009855E-011
   605.00000000000068       ,    -1.6838071391875679E-011
   606.00000000000068       ,    -1.6783126289389797E-011
   607.00000000000057       ,    -1.6728449243457290E-011
   608.00000000000057       ,    -1.6674038515193984E-011
   609.00000000000057       ,    -1.6619892379777844E-011
   610.00000000000057       ,    -1.6566009126314894E-011
   611.00000000000045       ,    -1.6512387057709210E-011
   612.00000000000045       ,    -1.6459024490522629E-011
   613.00000000000045       ,    -1.6405919754848080E-011
   614.00000000000034       ,    -1.6353071194178066E-011
   615.00000000000034       ,    -1.6300477165276647E-011
   616.00000000000034       ,    -1.6248136038050633E-011
   617.00000000000034       ,    -1.6196046195422998E-011
   618.00000000000023       ,    -1.6144206033212604E-011
   619.00000000000023       ,    -1.6092613960008059E-011
   620.00000000000023       ,    -1.6041268397040350E-011
   621.00000000000023       ,    -1.5990167778080878E-011
   622.00000000000011       ,    -1.5939310549297704E-011
   623.00000000000011       ,    -1.5888695169155281E-011
   624.00000000000011       ,    -1.5838320108293326E-011
   625.00000000000000       ,    -1.5788183849408978E-011
   626.00000000000000       ,    -1.5738284887151501E-011
   627.00000000000000       ,    -1.5688621727994204E-011
   628.00000000000000       ,    -1.5639192890138637E-011
   628.99999999999989       ,    -1.5589996903397082E-011
   629.99999999999989       ,    -1.5541032309081574E-011
   630.99999999999989       ,    -1.5492297659903768E-011
   631.99999999999989       ,    -1.5443791519860744E-011
   632.99999999999977       ,    -1.5395512464133966E-011
   633.99999999999977       ,    -1.5347459078983406E-011
   634.99999999999977       ,    -1.5299629961640605E-011
   635.99999999999966       ,    -1.5252023720218977E-011
   636.99999999999966       ,    -1.5204638973598872E-011
   637.99999999999966       ,    -1.5157474351333422E-011
   638.99999999999966       ,    -1.5110528493550406E-011
   639.99999999999955       ,    -1.5063800050858512E-011
   640.99999999999955       ,    -1.5017287684238915E-011
   641.99999999999955       ,    -1.4970990064960459E-011
   642.99999999999955       ,    -1.4924905874483866E-011
   643.99999999999943       ,    -1.4879033804361946E-011
   644.99999999999943       ,    -1.4833372556152572E-011
   645.99999999999943       ,    -1.4787920841326027E-011
   646.99999999999932       ,    -1.4742677381172410E-011
   647.99999999999932       ,    -1.4697640906715951E-011
   648.99999999999932       ,    -1.4652810158622383E-011
   649.99999999999932       ,    -1.4608183887110342E-011
   650.99999999999920       ,    -1.4563760851870149E-011
   651.99999999999920       ,    -1.4519539821973849E-011
   652.99999999999920       ,    -1.4475519575790411E-011
   653.99999999999920       ,    -1.4431698900905844E-011
   654.99999999999909       ,    -1.4388076594028573E-011
   655.99999999999909       ,    -1.4344651460922478E-011
   656.99999999999909       ,    -1.4301422316314545E-011
   657.99999999999909       ,    -1.4258387983817128E-011
   658.99999999999898       ,    -1.4215547295849996E-011
   659.99999999999898       ,    -1.4172899093560948E-011
   660.99999999999898       ,    -1.4130442226742895E-011
   661.99999999999886       ,    -1.4088175553764863E-011
   662.99999999999886       ,    -1.4046097941487928E-011
   663.99999999999886       ,    -1.4004208265195094E-011
   664.99999999999886       ,    -1.3962505408514777E-011
   665.99999999999875       ,    -1.3920988263340907E-011
   666.99999999999875       ,    -1.3879655729770154E-011
   667.99999999999875       ,    -1.3838506716019708E-011
   668.99999999999875       ,    -1.3797540138361057E-011
   669.99999999999864       ,    -1.3756754921049227E-011
   670.99999999999864       ,    -1.3716149996243992E-011
   671.99999999999864       ,    -1.3675724303955773E-011
   672.99999999999852       ,    -1.3635476791959122E-011
   673.99999999999852       ,    -1.3595406415737757E-011
   674.99999999999852       ,    -1.3555512138410261E-011
   675.99999999999852       ,    -1.3515792930666747E-011
   676.99999999999841       ,    -1.3476247770698278E-011
   677.99999999999841       ,    -1.3436875644136065E-011
   678.99999999999841       ,    -1.3397675543983411E-011
   679.99999999999841       ,    -1.3358646470555594E-011
   680.99999999999829       ,    -1.3319787431410356E-011
   681.99999999999829       ,    -1.3281097441287982E-011
   682.99999999999829       ,    -1.3242575522051709E-011
   683.99999999999818       ,    -1.3204220702622901E-011
   684.99999999999818       ,    -1.3166032018919929E-011
   685.99999999999818       ,    -1.3128008513798526E-011
   686.99999999999818       ,    -1.3090149236992742E-011
   687.99999999999807       ,    -1.3052453245054562E-011
   688.99999999999807       ,    -1.3014919601297617E-011
   689.99999999999807       ,    -1.2977547375735546E-011
   690.99999999999807       ,    -1.2940335645026833E-011
   691.99999999999795       ,    -1.2903283492417201E-011
   692.99999999999795       ,    -1.2866390007684262E-011
   693.99999999999795       ,    -1.2829654287083504E-011
   694.99999999999795       ,    -1.2793075433286840E-011
   695.99999999999784       ,    -1.2756652555333418E-011
   696.99999999999784       ,    -1.2720384768577095E-011
   697.99999999999784       ,    -1.2684271194624000E-011
   698.99999999999773       ,    -1.2648310961291675E-011
   699.99999999999773       ,    -1.2612503202545386E-011
   700.99999999999773       ,    -1.2576847058454443E-011
   701.99999999999773       ,    -1.2541341675137153E-011
   702.99999999999761       ,    -1.2505986204705689E-011
   703.99999999999761       ,    -1.2470779805227385E-011
   704.99999999999761       ,    -1.2435721640661179E-011
   705.99999999999761       ,    -1.2400810880816688E-011
   706.99999999999750       ,    -1.2366046701304497E-011
   707.99999999999750       ,    -1.2331428283482350E-011
   708.99999999999750       ,    -1.2296954814415695E-011
   709.99999999999739       ,    -1.2262625486819079E-011
   710.99999999999739       ,    -1.2228439499023533E-011
   711.99999999999739       ,    -1.2194396054910966E-011
   712.99999999999739       ,    -1.2160494363886362E-011
   713.99999999999727       ,    -1.2126733640822797E-011
   714.99999999999727       ,    -1.2093113106015313E-011
   715.99999999999727       ,    -1.2059631985141910E-011
   716.99999999999727       ,    -1.2026289509210735E-011
   717.99999999999716       ,    -1.1993084914523998E-011
   718.99999999999716       ,    -1.1960017442631753E-011
   719.99999999999716       ,    -1.1927086340284608E-011
   720.99999999999704       ,    -1.1894290859397865E-011
   721.99999999999704       ,    -1.1861630257004553E-011
   722.99999999999704       ,    -1.1829103795213704E-011
   723.99999999999704       ,    -1.1796710741171232E-011
   724.99999999999693       ,    -1.1764450367017185E-011
   725.99999999999693       ,    -1.1732321949844767E-011
   726.99999999999693       ,    -1.1700324771659129E-011
   727.99999999999693       ,    -1.1668458119341861E-011
   728.99999999999682       ,    -1.1636721284603479E-011
   729.99999999999682       ,    -1.1605113563954476E-011
   730.99999999999682       ,    -1.1573634258654651E-011
   731.99999999999682       ,    -1.1542282674685912E-011
   732.99999999999670       ,    -1.1511058122706212E-011
   733.99999999999670       ,    -1.1479959918014258E-011
   734.99999999999670       ,    -1.1448987380513370E-011
   735.99999999999659       ,    -1.1418139834674818E-011
   736.99999999999659       ,    -1.1387416609497624E-011
   737.99999999999659       ,    -1.1356817038472648E-011
   738.99999999999659       ,    -1.1326340459552876E-011
   739.99999999999648       ,    -1.1295986215109962E-011
   740.99999999999648       ,    -1.1265753651899980E-011
   741.99999999999648       ,    -1.1235642121035540E-011
   742.99999999999648       ,    -1.1205650977940427E-011
   743.99999999999636       ,    -1.1175779582324545E-011
   744.99999999999636       ,    -1.1146027298144194E-011
   745.99999999999636       ,    -1.1116393493569543E-011
   746.99999999999625       ,    -1.1086877540952372E-011
   747.99999999999625       ,    -1.1057478816792209E-011
   748.99999999999625       ,    -1.1028196701703621E-011
   749.99999999999625       ,    -1.0999030580383467E-011
   750.99999999999613       ,    -1.0969979841578634E-011
   751.99999999999613       ,    -1.0941043878054502E-011
   752.99999999999613       ,    -1.0912222086562064E-011
   753.99999999999613       ,    -1.0883513867807993E-011
   754.99999999999602       ,    -1.0854918626425772E-011
   755.99999999999602       ,    -1.0826435770938848E-011
   756.99999999999602       ,    -1.0798064713734100E-011
   757.99999999999591       ,    -1.0769804871032955E-011
   758.99999999999591       ,    -1.0741655662857835E-011
   759.99999999999591       ,    -1.0713616513005798E-011
   760.99999999999591       ,    -1.0685686849014786E-011
   761.99999999999579       ,    -1.0657866102141423E-011
   762.99999999999579       ,    -1.0630153707324180E-011
   763.99999999999579       ,    -1.0602549103161877E-011
   764.99999999999579       ,    -1.0575051731878916E-011
   765.99999999999568       ,    -1.0547661039301907E-011
   766.99999999999568       ,    -1.0520376474831410E-011
   767.99999999999568       ,    -1.0493197491411400E-011
   768.99999999999568       ,    -1.0466123545503723E-011
   769.99999999999557       ,    -1.0439154097063418E-011
   770.99999999999557       ,    -1.0412288609504266E-011
   771.99999999999557       ,    -1.0385526549684289E-011
   772.99999999999545       ,    -1.0358867387867300E-011
   773.99999999999545       ,    -1.0332310597703211E-011
   774.99999999999545       ,    -1.0305855656200794E-011
   775.99999999999545       ,    -1.0279502043703129E-011
   776.99999999999534       ,    -1.0253249243860107E-011
   777.99999999999534       ,    -1.0227096743604037E-011
   778.99999999999534       ,    -1.0201044033124445E-011
   779.99999999999534       ,    -1.0175090605845893E-011
   780.99999999999523       ,    -1.0149235958398612E-011
   781.99999999999523       ,    -1.0123479590597632E-011
   782.99999999999523       ,    -1.0097821005417288E-011
   783.99999999999511       ,    -1.0072259708968822E-011
   784.99999999999511       ,    -1.0046795210475002E-011
   785.99999999999511       ,    -1.0021427022247108E-011
   786.99999999999511       ,    -9.9961546596611362E-012
   787.99999999999500       ,    -9.9709776411381340E-012
   788.99999999999500       ,    -9.9458954881154964E-012
   789.99999999999500       ,    -9.9209077250282916E-012
   790.99999999999500       ,    -9.8960138792861024E-012
   791.99999999999488       ,    -9.8712134812521920E-012
   792.99999999999488       ,    -9.8465060642162616E-012
   793.99999999999488       ,    -9.8218911643781723E-012
   794.99999999999477       ,    -9.7973683208246731E-012
   795.99999999999477       ,    -9.7729370755042236E-012
   796.99999999999477       ,    -9.7485969732129447E-012
   797.99999999999477       ,    -9.7243475615662020E-012
   798.99999999999466       ,    -9.7001883909822757E-012
   799.99999999999466       ,    -9.6761190146589681E-012
   800.99999999999466       ,    -9.6521389885544916E-012
   801.99999999999466       ,    -9.6282478713670703E-012
   802.99999999999454       ,    -9.6044452245133117E-012
   803.99999999999454       ,    -9.5807306121098863E-012
   804.99999999999454       ,    -9.5571036009528723E-012
   805.99999999999443       ,    -9.5335637604964734E-012
   806.99999999999443       ,    -9.5101106628368711E-012
   807.99999999999443       ,    -9.4867438826900423E-012
   808.99999999999443       ,    -9.4634629973742196E-012
   809.99999999999432       ,    -9.4402675867862319E-012
   810.99999999999432       ,    -9.4171572333932993E-012
   811.99999999999432       ,    -9.3941315222001800E-012
   812.99999999999432       ,    -9.3711900407428160E-012
   813.99999999999420       ,    -9.3483323790619816E-012
   814.99999999999420       ,    -9.3255581296904491E-012
   815.99999999999420       ,    -9.3028668876287128E-012
   816.99999999999420       ,    -9.2802582503355038E-012
   817.99999999999409       ,    -9.2577318177003321E-012
   818.99999999999409       ,    -9.2352871920341557E-012
   819.99999999999409       ,    -9.2129239780462382E-012
   820.99999999999397       ,    -9.1906417828308840E-012
   821.99999999999397       ,    -9.1684402158458840E-012
   822.99999999999397       ,    -9.1463188889003525E-012
   823.99999999999397       ,    -9.1242774161326817E-012
   824.99999999999386       ,    -9.1023154139991999E-012
   825.99999999999386       ,    -9.0804325012514679E-012
   826.99999999999386       ,    -9.0586282989260808E-012
   827.99999999999386       ,    -9.0369024303231962E-012
   828.99999999999375       ,    -9.0152545209937508E-012
   829.99999999999375       ,    -8.9936841987215295E-012
   830.99999999999375       ,    -8.9721910935061013E-012
   831.99999999999363       ,    -8.9507748375514344E-012
   832.99999999999363       ,    -8.9294350652444414E-012
   833.99999999999363       ,    -8.9081714131445599E-012
   834.99999999999363       ,    -8.8869835199649441E-012
   835.99999999999352       ,    -8.8658710265580959E-012
   836.99999999999352       ,    -8.8448335759009237E-012
   837.99999999999352       ,    -8.8238708130808194E-012
   838.99999999999352       ,    -8.8029823852782990E-012
   839.99999999999341       ,    -8.7821679417525104E-012
   840.99999999999341       ,    -8.7614271338306180E-012
   841.99999999999341       ,    -8.7407596148867785E-012
   842.99999999999329       ,    -8.7201650403334074E-012
   843.99999999999329       ,    -8.6996430676023538E-012
   844.99999999999329       ,    -8.6791933561357340E-012
   845.99999999999329       ,    -8.6588155673652178E-012
   846.99999999999318       ,    -8.6385093647038973E-012
   847.99999999999318       ,    -8.6182744135308483E-012
   848.99999999999318       ,    -8.5981103811750651E-012
   849.99999999999318       ,    -8.5780169369051510E-012
   850.99999999999307       ,    -8.5579937519124393E-012
   851.99999999999307       ,    -8.5380404993018597E-012
   852.99999999999307       ,    -8.5181568540736698E-012
   853.99999999999307       ,    -8.4983424931134946E-012
   854.99999999999295       ,    -8.4785970951793228E-012
   855.99999999999295       ,    -8.4589203408869006E-012
   856.99999999999295       ,    -8.4393119126964621E-012
   857.99999999999284       ,    -8.4197714949039913E-012
   858.99999999999284       ,    -8.4002987736230837E-012
   859.99999999999284       ,    -8.3808934367754126E-012
   860.99999999999284       ,    -8.3615551740779434E-012
   861.99999999999272       ,    -8.3422836770312805E-012
   862.99999999999272       ,    -8.3230786389052608E-012
   863.99999999999272       ,    -8.3039397547290878E-012
   864.99999999999272       ,    -8.2848667212773061E-012
   865.99999999999261       ,    -8.2658592370582375E-012
   866.99999999999261       ,    -8.2469170023047510E-012
   867.99999999999261       ,    -8.2280397189580357E-012
   868.99999999999250       ,    -8.2092270906594003E-012
   869.99999999999250       ,    -8.1904788227383111E-012
   870.99999999999250       ,    -8.1717946221968421E-012
   871.99999999999250       ,    -8.1531741977030544E-012
   872.99999999999238       ,    -8.1346172595811409E-012
   873.99999999999238       ,    -8.1161235197926953E-012
   874.99999999999238       ,    -8.0976926919309589E-012
   875.99999999999238       ,    -8.0793244912102566E-012
   876.99999999999227       ,    -8.0610186344533350E-012
   877.99999999999227       ,    -8.0427748400781249E-012
   878.99999999999227       ,    -8.0245928280937212E-012
   879.99999999999216       ,    -8.0064723200810138E-012
   880.99999999999216       ,    -7.9884130391901223E-012
   881.99999999999216       ,    -7.9704147101240102E-012
   882.99999999999216       ,    -7.9524770591304091E-012
   883.99999999999204       ,    -7.9345998139930812E-012
   884.99999999999204       ,    -7.9167827040175040E-012
   885.99999999999204       ,    -7.8990254600229712E-012
   886.99999999999204       ,    -7.8813278143337979E-012
   887.99999999999193       ,    -7.8636895007665893E-012
   888.99999999999193       ,    -7.8461102546219582E-012
   889.99999999999193       ,    -7.8285898126747857E-012
   890.99999999999193       ,    -7.8111279131612886E-012
   891.99999999999181       ,    -7.7937242957739352E-012
   892.99999999999181       ,    -7.7763787016487710E-012
   893.99999999999181       ,    -7.7590908733569143E-012
   894.99999999999170       ,    -7.7418605548940708E-012
   895.99999999999170       ,    -7.7246874916726145E-012
   896.99999999999170       ,    -7.7075714305095282E-012
   897.99999999999170       ,    -7.6905121196207772E-012
   898.99999999999159       ,    -7.6735093086093549E-012
   899.99999999999159       ,    -7.6565627484570616E-012
   900.99999999999159       ,    -7.6396721915142857E-012
   901.99999999999159       ,    -7.6228373914941179E-012
   902.99999999999147       ,    -7.6060581034592234E-012
   903.99999999999147       ,    -7.5893340838151546E-012
   904.99999999999147       ,    -7.5726650903027208E-012
   905.99999999999136       ,    -7.5560508819860928E-012
   906.99999999999136       ,    -7.5394912192477716E-012
   907.99999999999136       ,    -7.5229858637770858E-012
   908.99999999999136       ,    -7.5065345785609291E-012
   909.99999999999125       ,    -7.4901371278803760E-012
   910.99999999999125       ,    -7.4737932772964239E-012
   911.99999999999125       ,    -7.4575027936447654E-012
   912.99999999999125       ,    -7.4412654450275791E-012
   913.99999999999113       ,    -7.4250810008028025E-012
   914.99999999999113       ,    -7.4089492315797535E-012
   915.99999999999113       ,    -7.3928699092070765E-012
   916.99999999999102       ,    -7.3768428067671463E-012
   917.99999999999102       ,    -7.3608676985679510E-012
   918.99999999999102       ,    -7.3449443601354280E-012
   919.99999999999102       ,    -7.3290725682024582E-012
   920.99999999999091       ,    -7.3132521007058227E-012
   921.99999999999091       ,    -7.2974827367755769E-012
   922.99999999999091       ,    -7.2817642567266137E-012
   923.99999999999091       ,    -7.2660964420542305E-012
   924.99999999999079       ,    -7.2504790754234303E-012
   925.99999999999079       ,    -7.2349119406624216E-012
   926.99999999999079       ,    -7.2193948227572007E-012
   927.99999999999068       ,    -7.2039275078393802E-012
   928.99999999999068       ,    -7.1885097831848172E-012
   929.99999999999068       ,    -7.1731414372003642E-012
   930.99999999999068       ,    -7.1578222594222132E-012
   931.99999999999056       ,    -7.1425520405040939E-012
   932.99999999999056       ,    -7.1273305722133610E-012
   933.99999999999056       ,    -7.1121576474211030E-012
   934.99999999999056       ,    -7.0970330600985972E-012
   935.99999999999045       ,    -7.0819566053061067E-012
   936.99999999999045       ,    -7.0669280791902015E-012
   937.99999999999045       ,    -7.0519472789742810E-012
   938.99999999999045       ,    -7.0370140029514087E-012
   939.99999999999034       ,    -7.0221280504800460E-012
   940.99999999999034       ,    -7.0072892219741904E-012
   941.99999999999034       ,    -6.9924973189001169E-012
   942.99999999999022       ,    -6.9777521437660020E-012
   943.99999999999022       ,    -6.9630535001185933E-012
   944.99999999999022       ,    -6.9484011925352439E-012
   945.99999999999022       ,    -6.9337950266163753E-012
   946.99999999999011       ,    -6.9192348089822474E-012
   947.99999999999011       ,    -6.9047203472622603E-012
   948.99999999999011       ,    -6.8902514500927667E-012
   949.99999999999011       ,    -6.8758279271084763E-012
   950.99999999999000       ,    -6.8614495889350362E-012
   951.99999999999000       ,    -6.8471162471873471E-012
   952.99999999999000       ,    -6.8328277144580366E-012
   953.99999999998988       ,    -6.8185838043154267E-012
   954.99999999999000       ,    -6.8043843312939642E-012
   955.99999999999011       ,    -6.7902291108925911E-012
   956.99999999999011       ,    -6.7761179595644225E-012
   957.99999999999022       ,    -6.7620506947127930E-012
   958.99999999999034       ,    -6.7480271346860332E-012
   959.99999999999034       ,    -6.7340470987704032E-012
   960.99999999999045       ,    -6.7201104071843136E-012
   961.99999999999056       ,    -6.7062168810740929E-012
   962.99999999999056       ,    -6.6923663425051273E-012
   963.99999999999068       ,    -6.6785586144604449E-012
   964.99999999999079       ,    -6.6647935208320347E-012
   965.99999999999079       ,    -6.6510708864136937E-012
   966.99999999999091       ,    -6.6373905369024619E-012
   967.99999999999102       ,    -6.6237522988827860E-012
   968.99999999999102       ,    -6.6101559998316412E-012
   969.99999999999113       ,    -6.5966014681056786E-012
   970.99999999999125       ,    -6.5830885329375976E-012
   971.99999999999125       ,    -6.5696170244339935E-012
   972.99999999999136       ,    -6.5561867735650657E-012
   973.99999999999147       ,    -6.5427976121616643E-012
   974.99999999999147       ,    -6.5294493729125203E-012
   975.99999999999159       ,    -6.5161418893547716E-012
   976.99999999999170       ,    -6.5028749958702739E-012
   977.99999999999170       ,    -6.4896485276823212E-012
   978.99999999999181       ,    -6.4764623208479764E-012
   979.99999999999193       ,    -6.4633162122543700E-012
   980.99999999999193       ,    -6.4502100396125287E-012
   981.99999999999204       ,    -6.4371436414557258E-012
   982.99999999999216       ,    -6.4241168571284435E-012
   983.99999999999216       ,    -6.4111295267880564E-012
   984.99999999999227       ,    -6.3981814913953383E-012
   985.99999999999238       ,    -6.3852725927116953E-012
   986.99999999999238       ,    -6.3724026732929720E-012
   987.99999999999250       ,    -6.3595715764864519E-012
   988.99999999999261       ,    -6.3467791464253419E-012
   989.99999999999261       ,    -6.3340252280225595E-012
   990.99999999999272       ,    -6.3213096669686349E-012
   991.99999999999284       ,    -6.3086323097249767E-012
   992.99999999999284       ,    -6.2959930035209022E-012
   993.99999999999295       ,    -6.2833915963471370E-012
   994.99999999999307       ,    -6.2708279369524491E-012
   995.99999999999307       ,    -6.2583018748398153E-012
   996.99999999999318       ,    -6.2458132602601515E-012
   997.99999999999329       ,    -6.2333619442094226E-012
   998.99999999999329       ,    -6.2209477784227239E-012
   999.99999999999341       ,    -6.2085706153716023E-012
   1000.9999999999935       ,    -6.1962303082586047E-012
   1001.9999999999935       ,    -6.1839267110126634E-012
   1002.9999999999936       ,    -6.1716596782852397E-012
   1003.9999999999937       ,    -6.1594290654477526E-012
   1004.9999999999937       ,    -6.1472347285825307E-012
   1005.9999999999939       ,    -6.1350765244841565E-012
   1006.9999999999939       ,    -6.1229543106518349E-012
   1007.9999999999940       ,    -6.1108679452855970E-012
   1008.9999999999941       ,    -6.0988172872850563E-012
   1009.9999999999941       ,    -6.0868021962401118E-012
   1010.9999999999942       ,    -6.0748225324317000E-012
   1011.9999999999943       ,    -6.0628781568249205E-012
   1012.9999999999943       ,    -6.0509689310657193E-012
   1013.9999999999944       ,    -6.0390947174780704E-012
   1014.9999999999945       ,    -6.0272553790585137E-012
   1015.9999999999945       ,    -6.0154507794718747E-012
   1016.9999999999947       ,    -6.0036807830490633E-012
   1017.9999999999948       ,    -5.9919452547821002E-012
   1018.9999999999948       ,    -5.9802440603199274E-012
   1019.9999999999949       ,    -5.9685770659663734E-012
   1020.9999999999950       ,    -5.9569441386732566E-012
   1021.9999999999950       ,    -5.9453451460404842E-012
   1022.9999999999951       ,    -5.9337799563079268E-012
   1023.9999999999952       ,    -5.9222484383559591E-012
   1024.9999999999952       ,    -5.9107504616982902E-012
   1025.9999999999955       ,    -5.8992858964809484E-012
   1026.9999999999955       ,    -5.8878546134764556E-012
   1027.9999999999955       ,    -5.8764564840822159E-012
   1028.9999999999957       ,    -5.8650913803142089E-012
   1029.9999999999957       ,    -5.8537591748063992E-012
   1030.9999999999957       ,    -5.8424597408054989E-012
   1031.9999999999959       ,    -5.8311929521673154E-012
   1032.9999999999959       ,    -5.8199586833552183E-012
   1033.9999999999959       ,    -5.8087568094331501E-012
   1034.9999999999959       ,    -5.7975872060645903E-012
   1035.9999999999961       ,    -5.7864497495101646E-012
   1036.9999999999961       ,    -5.7753443166203114E-012
   1037.9999999999961       ,    -5.7642707848359599E-012
   1038.9999999999964       ,    -5.7532290321834141E-012
   1039.9999999999964       ,    -5.7422189372704585E-012
   1040.9999999999964       ,    -5.7312403792841085E-012
   1041.9999999999966       ,    -5.7202932379858053E-012
   1042.9999999999966       ,    -5.7093773937110498E-012
   1043.9999999999966       ,    -5.6984927273622075E-012
   1044.9999999999968       ,    -5.6876391204088537E-012
   1045.9999999999968       ,    -5.6768164548816169E-012
   1046.9999999999968       ,    -5.6660246133727462E-012
   1047.9999999999970       ,    -5.6552634790274970E-012
   1048.9999999999970       ,    -5.6445329355459385E-012
   1049.9999999999970       ,    -5.6338328671773805E-012
   1050.9999999999973       ,    -5.6231631587182650E-012
   1051.9999999999973       ,    -5.6125236955080241E-012
   1052.9999999999973       ,    -5.6019143634272057E-012
   1053.9999999999975       ,    -5.5913350488929539E-012
   1054.9999999999975       ,    -5.5807856388573606E-012
   1055.9999999999975       ,    -5.5702660208039486E-012
   1056.9999999999977       ,    -5.5597760827445735E-012
   1057.9999999999977       ,    -5.5493157132166106E-012
   1058.9999999999977       ,    -5.5388848012791091E-012
   1059.9999999999980       ,    -5.5284832365122176E-012
   1060.9999999999980       ,    -5.5181109090110616E-012
   1061.9999999999980       ,    -5.5077677093861448E-012
   1062.9999999999982       ,    -5.4974535287570000E-012
   1063.9999999999982       ,    -5.4871682587526563E-012
   1064.9999999999982       ,    -5.4769117915067544E-012
   1065.9999999999984       ,    -5.4666840196550038E-012
   1066.9999999999984       ,    -5.4564848363328225E-012
   1067.9999999999984       ,    -5.4463141351731191E-012
   1068.9999999999986       ,    -5.4361718103013758E-012
   1069.9999999999986       ,    -5.4260577563347470E-012
   1070.9999999999986       ,    -5.4159718683798501E-012
   1071.9999999999989       ,    -5.4059140420284005E-012
   1072.9999999999989       ,    -5.3958841733547283E-012
   1073.9999999999989       ,    -5.3858821589140591E-012
   1074.9999999999991       ,    -5.3759078957394454E-012
   1075.9999999999991       ,    -5.3659612813394951E-012
   1076.9999999999991       ,    -5.3560422136936329E-012
   1077.9999999999993       ,    -5.3461505912530454E-012
   1078.9999999999993       ,    -5.3362863129347464E-012
   1079.9999999999993       ,    -5.3264492781215791E-012
   1080.9999999999995       ,    -5.3166393866580092E-012
   1081.9999999999995       ,    -5.3068565388482017E-012
   1082.9999999999995       ,    -5.2971006354523339E-012
   1083.9999999999998       ,    -5.2873715776871075E-012
   1084.9999999999998       ,    -5.2776692672198369E-012
   1085.9999999999998       ,    -5.2679936061676914E-012
   1087.0000000000000       ,    -5.2583444970958308E-012
   1088.0000000000000       ,    -5.2487218430123661E-012
   1089.0000000000000       ,    -5.2391255473691476E-012
   1090.0000000000002       ,    -5.2295555140574058E-012
   1091.0000000000002       ,    -5.2200116474049020E-012
   1092.0000000000002       ,    -5.2104938521764169E-012
   1093.0000000000005       ,    -5.2010020335675738E-012
   1094.0000000000005       ,    -5.1915360972047605E-012
   1095.0000000000005       ,    -5.1820959491426879E-012
   1096.0000000000007       ,    -5.1726814958616358E-012
   1097.0000000000007       ,    -5.1632926442651324E-012
   1098.0000000000007       ,    -5.1539293016772594E-012
   1099.0000000000009       ,    -5.1445913758416478E-012
   1100.0000000000009       ,    -5.1352787749178284E-012
   1101.0000000000009       ,    -5.1259914074800001E-012
   1102.0000000000011       ,    -5.1167291825138668E-012
   1103.0000000000011       ,    -5.1074920094155558E-012
   1104.0000000000011       ,    -5.0982797979880320E-012
   1105.0000000000014       ,    -5.0890924584397366E-012
   1106.0000000000014       ,    -5.0799299013829516E-012
   1107.0000000000014       ,    -5.0707920378303185E-012
   1108.0000000000016       ,    -5.0616787791931922E-012
   1109.0000000000016       ,    -5.0525900372804482E-012
   1110.0000000000016       ,    -5.0435257242949295E-012
   1111.0000000000018       ,    -5.0344857528315385E-012
   1112.0000000000018       ,    -5.0254700358767279E-012
   1113.0000000000018       ,    -5.0164784868040769E-012
   1114.0000000000020       ,    -5.0075110193739158E-012
   1115.0000000000020       ,    -4.9985675477309547E-012
   1116.0000000000020       ,    -4.9896479864006482E-012
   1117.0000000000023       ,    -4.9807522502904703E-012
   1118.0000000000023       ,    -4.9718802546846208E-012
   1119.0000000000023       ,    -4.9630319152434834E-012
   1120.0000000000025       ,    -4.9542071480014009E-012
   1121.0000000000025       ,    -4.9454058693650256E-012
   1122.0000000000025       ,    -4.9366279961112202E-012
   1123.0000000000027       ,    -4.9278734453839166E-012
   1124.0000000000027       ,    -4.9191421346949437E-012
   1125.0000000000027       ,    -4.9104339819183593E-012
   1126.0000000000030       ,    -4.9017489052917599E-012
   1127.0000000000030       ,    -4.8930868234123499E-012
   1128.0000000000030       ,    -4.8844476552360239E-012
   1129.0000000000032       ,    -4.8758313200766026E-012
   1130.0000000000032       ,    -4.8672377375994019E-012
   1131.0000000000032       ,    -4.8586668278260029E-012
   1132.0000000000034       ,    -4.8501185111266539E-012
   1133.0000000000034       ,    -4.8415927082208971E-012
   1134.0000000000034       ,    -4.8330893401775493E-012
   1135.0000000000036       ,    -4.8246083284077355E-012
   1136.0000000000036       ,    -4.8161495946689983E-012
   1137.0000000000036       ,    -4.8077130610589416E-012
   1138.0000000000039       ,    -4.7992986500163073E-012
   1139.0000000000039       ,    -4.7909062843172470E-012
   1140.0000000000039       ,    -4.7825358870751418E-012
   1141.0000000000041       ,    -4.7741873817373679E-012
   1142.0000000000041       ,    -4.7658606920850117E-012
   1143.0000000000041       ,    -4.7575557422297183E-012
   1144.0000000000043       ,    -4.7492724566134478E-012
   1145.0000000000043       ,    -4.7410107600051557E-012
   1146.0000000000043       ,    -4.7327705775002069E-012
   1147.0000000000045       ,    -4.7245518345191080E-012
   1148.0000000000045       ,    -4.7163544568041962E-012
   1149.0000000000045       ,    -4.7081783704185028E-012
   1150.0000000000045       ,    -4.7000235017460438E-012
   1151.0000000000048       ,    -4.6918897774867707E-012
   1152.0000000000048       ,    -4.6837771246581503E-012
   1153.0000000000048       ,    -4.6756854705911048E-012
   1154.0000000000050       ,    -4.6676147429302816E-012
   1155.0000000000050       ,    -4.6595648696306834E-012
   1156.0000000000050       ,    -4.6515357789575610E-012
   1157.0000000000052       ,    -4.6435273994838209E-012
   1158.0000000000052       ,    -4.6355396600891842E-012
   1159.0000000000052       ,    -4.6275724899578946E-012
   1160.0000000000055       ,    -4.6196258185772622E-012
   1161.0000000000055       ,    -4.6116995757374287E-012
   1162.0000000000055       ,    -4.6037936915272090E-012
   1163.0000000000057       ,    -4.5959080963354458E-012
   1164.0000000000057       ,    -4.5880427208471541E-012
   1165.0000000000057       ,    -4.5801974960433354E-012
   1166.0000000000059       ,    -4.5723723531993419E-012
   1167.0000000000059       ,    -4.5645672238827300E-012
   1168.0000000000059       ,    -4.5567820399521315E-012
   1169.0000000000061       ,    -4.5490167335557319E-012
   1170.0000000000061       ,    -4.5412712371307135E-012
   1171.0000000000061       ,    -4.5335454833996928E-012
   1172.0000000000064       ,    -4.5258394053713329E-012
   1173.0000000000064       ,    -4.5181529363379637E-012
   1174.0000000000064       ,    -4.5104860098739849E-012
   1175.0000000000066       ,    -4.5028385598344846E-012
   1176.0000000000066       ,    -4.4952105203547404E-012
   1177.0000000000066       ,    -4.4876018258475522E-012
   1178.0000000000068       ,    -4.4800124110025904E-012
   1179.0000000000068       ,    -4.4724422107845857E-012
   1180.0000000000068       ,    -4.4648911604322486E-012
   1181.0000000000070       ,    -4.4573591954567418E-012
   1182.0000000000070       ,    -4.4498462516404291E-012
   1183.0000000000070       ,    -4.4423522650351115E-012
   1184.0000000000073       ,    -4.4348771719616717E-012
   1185.0000000000073       ,    -4.4274209090067119E-012
   1186.0000000000073       ,    -4.4199834130243379E-012
   1187.0000000000075       ,    -4.4125646211313867E-012
   1188.0000000000075       ,    -4.4051644707086867E-012
   1189.0000000000075       ,    -4.3977828993978872E-012
   1190.0000000000077       ,    -4.3904198451020896E-012
   1191.0000000000077       ,    -4.3830752459828055E-012
   1192.0000000000077       ,    -4.3757490404599496E-012
   1193.0000000000080       ,    -4.3684411672088813E-012
   1194.0000000000080       ,    -4.3611515651612973E-012
   1195.0000000000080       ,    -4.3538801735021679E-012
   1196.0000000000082       ,    -4.3466269316691771E-012
   1197.0000000000082       ,    -4.3393917793523481E-012
   1198.0000000000082       ,    -4.3321746564906176E-012
   1199.0000000000084       ,    -4.3249755032724354E-012
   1200.0000000000084       ,    -4.3177942601339649E-012
   1201.0000000000084       ,    -4.3106308677580587E-012
   1202.0000000000086       ,    -4.3034852670726027E-012
   1203.0000000000086       ,    -4.2963573992492397E-012
   1204.0000000000086       ,    -4.2892472057027283E-012
   1205.0000000000089       ,    -4.2821546280896942E-012
   1206.0000000000089       ,    -4.2750796083065091E-012
   1207.0000000000089       ,    -4.2680220884894658E-012
   1208.0000000000091       ,    -4.2609820110127061E-012
   1209.0000000000091       ,    -4.2539593184867154E-012
   1210.0000000000091       ,    -4.2469539537588671E-012
   1211.0000000000093       ,    -4.2399658599099600E-012
   1212.0000000000093       ,    -4.2329949802548447E-012
   1213.0000000000093       ,    -4.2260412583401717E-012
   1214.0000000000095       ,    -4.2191046379444536E-012
   1215.0000000000095       ,    -4.2121850630750271E-012
   1216.0000000000095       ,    -4.2052824779695960E-012
   1217.0000000000098       ,    -4.1983968270924666E-012
   1218.0000000000098       ,    -4.1915280551345028E-012
   1219.0000000000098       ,    -4.1846761070126725E-012
   1220.0000000000100       ,    -4.1778409278683728E-012
   1221.0000000000100       ,    -4.1710224630656352E-012
   1222.0000000000100       ,    -4.1642206581916376E-012
   1223.0000000000102       ,    -4.1574354590537934E-012
   1224.0000000000102       ,    -4.1506668116805386E-012
   1225.0000000000102       ,    -4.1439146623182050E-012
   1226.0000000000105       ,    -4.1371789574318128E-012
   1227.0000000000105       ,    -4.1304596437032596E-012
   1228.0000000000105       ,    -4.1237566680298812E-012
   1229.0000000000107       ,    -4.1170699775241912E-012
   1230.0000000000107       ,    -4.1103995195117678E-012
   1231.0000000000107       ,    -4.1037452415318623E-012
   1232.0000000000109       ,    -4.0971070913341914E-012
   1233.0000000000109       ,    -4.0904850168804317E-012
   1234.0000000000109       ,    -4.0838789663408912E-012
   1235.0000000000111       ,    -4.0772888880945688E-012
   1236.0000000000111       ,    -4.0707147307289116E-012
   1237.0000000000111       ,    -4.0641564430368149E-012
   1238.0000000000114       ,    -4.0576139740175792E-012
   1239.0000000000114       ,    -4.0510872728750650E-012
   1240.0000000000114       ,    -4.0445762890161417E-012
   1241.0000000000116       ,    -4.0380809720514536E-012
   1242.0000000000116       ,    -4.0316012717918194E-012
   1243.0000000000116       ,    -4.0251371382501235E-012
   1244.0000000000118       ,    -4.0186885216385828E-012
   1245.0000000000118       ,    -4.0122553723676527E-012
   1246.0000000000118       ,    -4.0058376410465200E-012
   1247.0000000000121       ,    -3.9994352784804613E-012
   1248.0000000000121       ,    -3.9930482356716122E-012
   1249.0000000000121       ,    -3.9866764638160735E-012
   1250.0000000000123       ,    -3.9803199143049159E-012
   1251.0000000000123       ,    -3.9739785387223936E-012
   1252.0000000000123       ,    -3.9676522888439545E-012
   1253.0000000000125       ,    -3.9613411166373539E-012
   1254.0000000000125       ,    -3.9550449742605992E-012
   1255.0000000000125       ,    -3.9487638140608357E-012
   1256.0000000000127       ,    -3.9424975885747064E-012
   1257.0000000000127       ,    -3.9362462505255466E-012
   1258.0000000000127       ,    -3.9300097528236582E-012
   1259.0000000000130       ,    -3.9237880485659227E-012
   1260.0000000000130       ,    -3.9175810910340575E-012
   1261.0000000000130       ,    -3.9113888336938731E-012
   1262.0000000000132       ,    -3.9052112301943339E-012
   1263.0000000000132       ,    -3.8990482343671603E-012
   1264.0000000000132       ,    -3.8928998002252670E-012
   1265.0000000000132       ,    -3.8867658819629500E-012
   1266.0000000000134       ,    -3.8806464339538016E-012
   1267.0000000000134       ,    -3.8745414107505463E-012
   1268.0000000000134       ,    -3.8684507670845078E-012
   1269.0000000000136       ,    -3.8623744578638227E-012
   1270.0000000000136       ,    -3.8563124381738424E-012
   1271.0000000000136       ,    -3.8502646632749435E-012
   1272.0000000000139       ,    -3.8442310886023158E-012
   1273.0000000000139       ,    -3.8382116697660541E-012
   1274.0000000000139       ,    -3.8322063625488842E-012
   1275.0000000000141       ,    -3.8262151229058613E-012
   1276.0000000000141       ,    -3.8202379069636849E-012
   1277.0000000000141       ,    -3.8142746710206085E-012
   1278.0000000000143       ,    -3.8083253715441916E-012
   1279.0000000000143       ,    -3.8023899651708671E-012
   1280.0000000000143       ,    -3.7964684087066601E-012
   1281.0000000000146       ,    -3.7905606591245990E-012
   1282.0000000000146       ,    -3.7846666735640980E-012
   1283.0000000000146       ,    -3.7787864093315637E-012
   1284.0000000000148       ,    -3.7729198238984829E-012
   1285.0000000000148       ,    -3.7670668749005390E-012
   1286.0000000000148       ,    -3.7612275201377172E-012
   1287.0000000000150       ,    -3.7554017175730879E-012
   1288.0000000000150       ,    -3.7495894253309608E-012
   1289.0000000000150       ,    -3.7437906016985375E-012
   1290.0000000000152       ,    -3.7380052051228218E-012
   1291.0000000000152       ,    -3.7322331942117564E-012
   1292.0000000000152       ,    -3.7264745277319015E-012
   1293.0000000000155       ,    -3.7207291646085649E-012
   1294.0000000000155       ,    -3.7149970639250510E-012
   1295.0000000000155       ,    -3.7092781849212037E-012
   1296.0000000000157       ,    -3.7035724869946657E-012
   1297.0000000000157       ,    -3.6978799296967185E-012
   1298.0000000000157       ,    -3.6922004727354132E-012
   1299.0000000000159       ,    -3.6865340759723007E-012
   1300.0000000000159       ,    -3.6808806994222547E-012
   1301.0000000000159       ,    -3.6752403032531028E-012
   1302.0000000000161       ,    -3.6696128477853440E-012
   1303.0000000000161       ,    -3.6639982934901229E-012
   1304.0000000000161       ,    -3.6583966009901032E-012
   1305.0000000000164       ,    -3.6528077310569860E-012
   1306.0000000000164       ,    -3.6472316446130716E-012
   1307.0000000000164       ,    -3.6416683027283696E-012
   1308.0000000000166       ,    -3.6361176666219051E-012
   1309.0000000000166       ,    -3.6305796976585008E-012
   1310.0000000000166       ,    -3.6250543573511269E-012
   1311.0000000000168       ,    -3.6195416073580089E-012
   1312.0000000000168       ,    -3.6140414094830734E-012
   1313.0000000000168       ,    -3.6085537256744286E-012
   1314.0000000000171       ,    -3.6030785180245911E-012
   1315.0000000000171       ,    -3.5976157487693747E-012
   1316.0000000000171       ,    -3.5921653802871654E-012
   1317.0000000000173       ,    -3.5867273750989673E-012
   1318.0000000000173       ,    -3.5813016958662148E-012
   1319.0000000000173       ,    -3.5758883053919419E-012
   1320.0000000000175       ,    -3.5704871666192068E-012
   1321.0000000000175       ,    -3.5650982426299448E-012
   1322.0000000000175       ,    -3.5597214966460485E-012
   1323.0000000000177       ,    -3.5543568920267698E-012
   1324.0000000000177       ,    -3.5490043922695990E-012
   1325.0000000000177       ,    -3.5436639610084162E-012
   1326.0000000000180       ,    -3.5383355620139844E-012
   1327.0000000000180       ,    -3.5330191591927968E-012
   1328.0000000000180       ,    -3.5277147165864104E-012
   1329.0000000000182       ,    -3.5224221983712809E-012
   1330.0000000000182       ,    -3.5171415688569264E-012
   1331.0000000000182       ,    -3.5118727924873773E-012
   1332.0000000000184       ,    -3.5066158338388011E-012
   1333.0000000000184       ,    -3.5013706576193238E-012
   1334.0000000000184       ,    -3.4961372286692041E-012
   1335.0000000000186       ,    -3.4909155119595902E-012
   1336.0000000000186       ,    -3.4857054725915428E-012
   1337.0000000000186       ,    -3.4805070757969069E-012
   1338.0000000000189       ,    -3.4753202869355804E-012
   1339.0000000000189       ,    -3.4701450714970001E-012
   1340.0000000000189       ,    -3.4649813950986338E-012
   1341.0000000000191       ,    -3.4598292234849809E-012
   1342.0000000000191       ,    -3.4546885225277648E-012
   1343.0000000000191       ,    -3.4495592582255653E-012
   1344.0000000000193       ,    -3.4444413967020695E-012
   1345.0000000000193       ,    -3.4393349042067515E-012
   1346.0000000000193       ,    -3.4342397471132176E-012
   1347.0000000000196       ,    -3.4291558919202884E-012
   1348.0000000000196       ,    -3.4240833052494586E-012
   1349.0000000000196       ,    -3.4190219538453571E-012
   1350.0000000000198       ,    -3.4139718045757459E-012
   1351.0000000000198       ,    -3.4089328244298412E-012
   1352.0000000000198       ,    -3.4039049805185772E-012
   1353.0000000000200       ,    -3.3988882400737035E-012
   1354.0000000000200       ,    -3.3938825704475387E-012
   1355.0000000000200       ,    -3.3888879391117975E-012
   1356.0000000000202       ,    -3.3839043136580361E-012
   1357.0000000000202       ,    -3.3789316617962835E-012
   1358.0000000000202       ,    -3.3739699513548055E-012
   1359.0000000000205       ,    -3.3690191502801869E-012
   1360.0000000000205       ,    -3.3640792266355747E-012
   1361.0000000000205       ,    -3.3591501486010663E-012
   1362.0000000000207       ,    -3.3542318844732127E-012
   1363.0000000000207       ,    -3.3493244026636212E-012
   1364.0000000000207       ,    -3.3444276717000914E-012
   1365.0000000000209       ,    -3.3395416602245023E-012
   1366.0000000000209       ,    -3.3346663369929176E-012
   1367.0000000000209       ,    -3.3298016708752275E-012
   1368.0000000000211       ,    -3.3249476308542958E-012
   1369.0000000000211       ,    -3.3201041860260954E-012
   1370.0000000000211       ,    -3.3152713055987144E-012
   1371.0000000000214       ,    -3.3104489588918803E-012
   1372.0000000000214       ,    -3.3056371153363712E-012
   1373.0000000000214       ,    -3.3008357444738659E-012
   1374.0000000000216       ,    -3.2960448159567116E-012
   1375.0000000000216       ,    -3.2912642995466746E-012
   1376.0000000000216       ,    -3.2864941651142765E-012
   1377.0000000000216       ,    -3.2817343826404461E-012
   1378.0000000000218       ,    -3.2769849222127944E-012
   1379.0000000000218       ,    -3.2722457540280350E-012
   1380.0000000000218       ,    -3.2675168483899677E-012
   1381.0000000000221       ,    -3.2627981757088186E-012
   1382.0000000000221       ,    -3.2580897065020247E-012
   1383.0000000000221       ,    -3.2533914113930067E-012
   1384.0000000000223       ,    -3.2487032611105336E-012
   1385.0000000000223       ,    -3.2440252264884549E-012
   1386.0000000000223       ,    -3.2393572784658259E-012
   1387.0000000000225       ,    -3.2346993880857250E-012
   1388.0000000000225       ,    -3.2300515264941883E-012
   1389.0000000000225       ,    -3.2254136649418575E-012
   1390.0000000000227       ,    -3.2207857747817532E-012
   1391.0000000000227       ,    -3.2161678274691305E-012
   1392.0000000000227       ,    -3.2115597945615294E-012
   1393.0000000000230       ,    -3.2069616477179812E-012
   1394.0000000000230       ,    -3.2023733586989655E-012
   1395.0000000000230       ,    -3.1977948993654574E-012
   1396.0000000000232       ,    -3.1932262416778760E-012
   1397.0000000000232       ,    -3.1886673576983451E-012
   1398.0000000000232       ,    -3.1841182195871427E-012
   1399.0000000000234       ,    -3.1795787996033489E-012
   1400.0000000000234       ,    -3.1750490701054178E-012
   1401.0000000000234       ,    -3.1705290035495116E-012
   1402.0000000000236       ,    -3.1660185724898104E-012
   1403.0000000000236       ,    -3.1615177495777408E-012
   1404.0000000000236       ,    -3.1570265075614005E-012
   1405.0000000000239       ,    -3.1525448192854677E-012
   1406.0000000000239       ,    -3.1480726576913308E-012
   1407.0000000000239       ,    -3.1436099958152607E-012
   1408.0000000000241       ,    -3.1391568067890133E-012
   1409.0000000000241       ,    -3.1347130638394763E-012
   1410.0000000000241       ,    -3.1302787402879633E-012
   1411.0000000000243       ,    -3.1258538095496962E-012
   1412.0000000000243       ,    -3.1214382451337109E-012
   1413.0000000000243       ,    -3.1170320206419146E-012
   1414.0000000000246       ,    -3.1126351097703811E-012
   1415.0000000000246       ,    -3.1082474863057874E-012
   1416.0000000000246       ,    -3.1038691241285201E-012
   1417.0000000000248       ,    -3.0994999972097399E-012
   1418.0000000000248       ,    -3.0951400796126565E-012
   1419.0000000000248       ,    -3.0907893454906403E-012
   1420.0000000000250       ,    -3.0864477690883804E-012
   1421.0000000000250       ,    -3.0821153247401630E-012
   1422.0000000000250       ,    -3.0777919868707598E-012
   1423.0000000000252       ,    -3.0734777299933871E-012
   1424.0000000000252       ,    -3.0691725287114190E-012
   1425.0000000000252       ,    -3.0648763577162567E-012
   1426.0000000000255       ,    -3.0605891917876260E-012
   1427.0000000000255       ,    -3.0563110057932714E-012
   1428.0000000000255       ,    -3.0520417746887832E-012
   1429.0000000000257       ,    -3.0477814735168096E-012
   1430.0000000000257       ,    -3.0435300774065545E-012
   1431.0000000000257       ,    -3.0392875615739284E-012
   1432.0000000000259       ,    -3.0350539013210384E-012
   1433.0000000000259       ,    -3.0308290720360198E-012
   1434.0000000000259       ,    -3.0266130491916801E-012
   1435.0000000000261       ,    -3.0224058083463920E-012
   1436.0000000000261       ,    -3.0182073251431345E-012
   1437.0000000000261       ,    -3.0140175753094305E-012
   1438.0000000000264       ,    -3.0098365346563292E-012
   1439.0000000000264       ,    -3.0056641790790787E-012
   1440.0000000000264       ,    -3.0015004845557455E-012
   1441.0000000000266       ,    -2.9973454271478400E-012
   1442.0000000000266       ,    -2.9931989829988236E-012
   1443.0000000000266       ,    -2.9890611283350662E-012
   1444.0000000000268       ,    -2.9849318394644834E-012
   1445.0000000000268       ,    -2.9808110927767341E-012
   1446.0000000000268       ,    -2.9766988647429392E-012
   1447.0000000000271       ,    -2.9725951319148508E-012
   1448.0000000000271       ,    -2.9684998709247130E-012
   1449.0000000000271       ,    -2.9644130584853149E-012
   1450.0000000000273       ,    -2.9603346713892484E-012
   1451.0000000000273       ,    -2.9562646865087182E-012
   1452.0000000000273       ,    -2.9522030807951402E-012
   1453.0000000000275       ,    -2.9481498312792084E-012
   1454.0000000000275       ,    -2.9441049150694330E-012
   1455.0000000000275       ,    -2.9400683093534864E-012
   1456.0000000000277       ,    -2.9360399913966383E-012
   1457.0000000000277       ,    -2.9320199385418007E-012
   1458.0000000000277       ,    -2.9280081282092999E-012
   1459.0000000000280       ,    -2.9240045378965498E-012
   1460.0000000000280       ,    -2.9200091451773029E-012
   1461.0000000000280       ,    -2.9160219277022434E-012
   1462.0000000000282       ,    -2.9120428631978410E-012
   1463.0000000000282       ,    -2.9080719294661873E-012
   1464.0000000000282       ,    -2.9041091043853212E-012
   1465.0000000000284       ,    -2.9001543659077697E-012
   1466.0000000000284       ,    -2.8962076920614795E-012
   1467.0000000000284       ,    -2.8922690609489960E-012
   1468.0000000000286       ,    -2.8883384507462499E-012
   1469.0000000000286       ,    -2.8844158397041734E-012
   1470.0000000000286       ,    -2.8805012061465961E-012
   1471.0000000000289       ,    -2.8765945284712911E-012
   1472.0000000000289       ,    -2.8726957851483288E-012
   1473.0000000000289       ,    -2.8688049547212821E-012
   1474.0000000000291       ,    -2.8649220158057754E-012
   1475.0000000000291       ,    -2.8610469470895053E-012
   1476.0000000000291       ,    -2.8571797273322915E-012
   1477.0000000000293       ,    -2.8533203353652439E-012
   1478.0000000000293       ,    -2.8494687500913066E-012
   1479.0000000000293       ,    -2.8456249504835357E-012
   1480.0000000000296       ,    -2.8417889155867201E-012
   1481.0000000000296       ,    -2.8379606245154556E-012
   1482.0000000000296       ,    -2.8341400564542850E-012
   1483.0000000000298       ,    -2.8303271906580287E-012
   1484.0000000000298       ,    -2.8265220064512982E-012
   1485.0000000000298       ,    -2.8227244832274099E-012
   1486.0000000000300       ,    -2.8189346004490450E-012
   1487.0000000000300       ,    -2.8151523376475390E-012
   1488.0000000000300       ,    -2.8113776744227587E-012
   1489.0000000000302       ,    -2.8076105904428210E-012
   1490.0000000000302       ,    -2.8038510654436077E-012
   1491.0000000000302       ,    -2.8000990792285166E-012
   1492.0000000000302       ,    -2.7963546116688270E-012
   1493.0000000000305       ,    -2.7926176427024056E-012
   1494.0000000000305       ,    -2.7888881523343562E-012
   1495.0000000000305       ,    -2.7851661206360666E-012
   1496.0000000000307       ,    -2.7814515277452304E-012
   1497.0000000000307       ,    -2.7777443538660050E-012
   1498.0000000000307       ,    -2.7740445792677673E-012
   1499.0000000000309       ,    -2.7703521842857020E-012
   1500.0000000000309       ,    -2.7666671493202966E-012
