   1.0000000000000000       ,     3.9808755888047569E-006
   2.0000000000000000       ,     8.6100179996090664E-007
   3.0000000000000004       ,     3.4655780514420729E-007
   4.0000000000000000       ,     1.8316172854272773E-007
   5.0000000000000000       ,     1.1306223081180703E-007
   6.0000000000000000       ,     7.7050992154750594E-008
   7.0000000000000000       ,     5.6152751268548649E-008
   8.0000000000000000       ,     4.2909134502120271E-008
   9.0000000000000018       ,     3.3943956599165076E-008
   10.000000000000002       ,     2.7559582241833497E-008
   11.000000000000002       ,     2.2829384450172613E-008
   12.000000000000004       ,     1.9212928658354997E-008
   13.000000000000004       ,     1.6377280388492159E-008
   14.000000000000005       ,     1.4107687162844413E-008
   15.000000000000005       ,     1.2260114045766898E-008
   16.000000000000004       ,     1.0734675210453434E-008
   17.000000000000004       ,     9.4600807418366522E-009
   18.000000000000004       ,     8.3841686900463852E-009
   19.000000000000000       ,     7.4679394150922031E-009
   20.000000000000000       ,     6.6816799078262589E-009
   21.000000000000000       ,     6.0023761678968861E-009
   22.000000000000000       ,     5.4119427225574749E-009
   22.999999999999996       ,     4.8959842539276690E-009
   23.999999999999996       ,     4.4429120262632315E-009
   24.999999999999996       ,     4.0433020353626516E-009
   25.999999999999993       ,     3.6894211065440366E-009
   26.999999999999993       ,     3.3748717956616475E-009
   27.999999999999993       ,     3.0943227208320699E-009
   28.999999999999993       ,     2.8433012587548261E-009
   29.999999999999989       ,     2.6180324013887472E-009
   30.999999999999993       ,     2.4153122157058738E-009
   31.999999999999996       ,     2.2324075480703355E-009
   33.000000000000000       ,     2.0669758493209399E-009
   34.000000000000000       ,     1.9170005796679755E-009
   35.000000000000000       ,     1.7807387885474173E-009
   36.000000000000007       ,     1.6566782898943754E-009
   37.000000000000007       ,     1.5435024595493908E-009
   38.000000000000007       ,     1.4400611317289603E-009
   39.000000000000014       ,     1.3453464091090105E-009
   40.000000000000014       ,     1.2584724565655139E-009
   41.000000000000014       ,     1.1786585438467332E-009
   42.000000000000021       ,     1.1052147524902856E-009
   43.000000000000021       ,     1.0375298789862146E-009
   44.000000000000021       ,     9.7506115708903949E-010
   45.000000000000028       ,     9.1732549391426978E-010
   46.000000000000028       ,     8.6389197105614378E-010
   47.000000000000028       ,     8.1437540720790402E-010
   48.000000000000036       ,     7.6843081489046962E-010
   49.000000000000036       ,     7.2574861304115652E-010
   50.000000000000036       ,     6.8605048080140111E-010
   51.000000000000043       ,     6.4908575702263071E-010
   52.000000000000043       ,     6.1462830565905540E-010
   53.000000000000043       ,     5.8247378009733118E-010
   54.000000000000050       ,     5.5243723005412860E-010
   55.000000000000050       ,     5.2435100343245240E-010
   56.000000000000050       ,     4.9806290282006284E-010
   57.000000000000057       ,     4.7343456234624159E-010
   58.000000000000057       ,     4.5034001571018231E-010
   59.000000000000057       ,     4.2866443042327099E-010
   60.000000000000064       ,     4.0830298689484469E-010
   61.000000000000057       ,     3.8915988399797076E-010
   62.000000000000050       ,     3.7114745532022296E-010
   63.000000000000050       ,     3.5418538245237751E-010
   64.000000000000043       ,     3.3819999352451871E-010
   65.000000000000043       ,     3.2312363676610798E-010
   66.000000000000028       ,     3.0889412021101264E-010
   67.000000000000028       ,     2.9545420981768891E-010
   68.000000000000028       ,     2.8275117927223902E-010
   69.000000000000028       ,     2.7073640557891409E-010
   70.000000000000014       ,     2.5936500529535423E-010
   71.000000000000014       ,     2.4859550688912851E-010
   72.000000000000014       ,     2.3838955524929598E-010
   73.000000000000000       ,     2.2871164486739873E-010
   74.000000000000000       ,     2.1952887860489229E-010
   75.000000000000000       ,     2.1081074933855087E-010
   75.999999999999986       ,     2.0252894208421825E-010
   76.999999999999986       ,     1.9465715447288507E-010
   77.999999999999986       ,     1.8717093369887441E-010
   78.999999999999986       ,     1.8004752826771727E-010
   79.999999999999972       ,     1.7326575305955109E-010
   80.999999999999972       ,     1.6680586638328775E-010
   81.999999999999972       ,     1.6064945784527527E-010
   82.999999999999957       ,     1.5477934598013873E-010
   83.999999999999957       ,     1.4917948470318728E-010
   84.999999999999957       ,     1.4383487774348793E-010
   85.999999999999943       ,     1.3873150030516671E-010
   86.999999999999943       ,     1.3385622728273482E-010
   87.999999999999943       ,     1.2919676742091176E-010
   88.999999999999943       ,     1.2474160287728391E-010
   89.999999999999929       ,     1.2047993369637967E-010
   90.999999999999929       ,     1.1640162675262986E-010
   91.999999999999929       ,     1.1249716876686128E-010
   92.999999999999915       ,     1.0875762303201118E-010
   93.999999999999915       ,     1.0517458953148669E-010
   94.999999999999915       ,     1.0174016814814383E-010
   95.999999999999901       ,     9.8446924703316301E-011
   96.999999999999901       ,     9.5287859584727991E-011
   97.999999999999901       ,     9.2256378742621470E-011
   98.999999999999901       ,     8.9346266858709012E-011
   99.999999999999886       ,     8.6551662506462931E-011
   100.99999999999989       ,     8.3867035139788849E-011
   101.99999999999989       ,     8.1287163760324743E-011
   102.99999999999987       ,     7.8807117128321130E-011
   103.99999999999987       ,     7.6422235393767217E-011
   104.99999999999987       ,     7.4128113034489964E-011
   105.99999999999986       ,     7.1920582997480462E-011
   106.99999999999986       ,     6.9795701951800671E-011
   107.99999999999986       ,     6.7749736564015183E-011
   108.99999999999986       ,     6.5779150719364850E-011
   109.99999999999984       ,     6.3880593616455256E-011
   110.99999999999984       ,     6.2050888668263866E-011
   111.99999999999984       ,     6.0287023150006089E-011
   112.99999999999983       ,     5.8586138538114717E-011
   113.99999999999983       ,     5.6945521488121406E-011
   114.99999999999983       ,     5.5362595406121035E-011
   115.99999999999982       ,     5.3834912570073764E-011
   116.99999999999982       ,     5.2360146760027713E-011
   117.99999999999982       ,     5.0936086362706488E-011
   118.99999999999982       ,     4.9560627915601019E-011
   119.99999999999980       ,     4.8231770059245543E-011
   120.99999999999980       ,     4.6947607869664303E-011
   121.99999999999980       ,     4.5706327544683902E-011
   122.99999999999979       ,     4.4506201418759895E-011
   123.99999999999979       ,     4.3345583284548244E-011
   124.99999999999979       ,     4.2222904000018424E-011
   125.99999999999977       ,     4.1136667361752094E-011
   126.99999999999977       ,     4.0085446226902345E-011
   127.99999999999977       ,     3.9067878866505939E-011
   128.99999999999977       ,     3.8082665535523856E-011
   129.99999999999977       ,     3.7128565245034948E-011
   130.99999999999974       ,     3.6204392723152508E-011
   131.99999999999974       ,     3.5309015553401600E-011
   132.99999999999974       ,     3.4441351477127274E-011
   133.99999999999974       ,     3.3600365851804419E-011
   134.99999999999974       ,     3.2785069253937146E-011
   135.99999999999974       ,     3.1994515217083780E-011
   136.99999999999974       ,     3.1227798097550011E-011
   137.99999999999972       ,     3.0484051059867611E-011
   138.99999999999972       ,     2.9762444172893800E-011
   139.99999999999972       ,     2.9062182611939694E-011
   140.99999999999972       ,     2.8382504958950802E-011
   141.99999999999972       ,     2.7722681595454438E-011
   142.99999999999972       ,     2.7082013182425347E-011
   143.99999999999969       ,     2.6459829221782871E-011
   144.99999999999969       ,     2.5855486694966335E-011
   145.99999999999969       ,     2.5268368773486392E-011
   146.99999999999969       ,     2.4697883598183462E-011
   147.99999999999969       ,     2.4143463121531394E-011
   148.99999999999969       ,     2.3604562011306811E-011
   149.99999999999969       ,     2.3080656610517198E-011
   150.99999999999966       ,     2.2571243950834927E-011
   151.99999999999966       ,     2.2075840817160537E-011
   152.99999999999966       ,     2.1593982858933421E-011
   153.99999999999966       ,     2.1125223747106564E-011
   154.99999999999966       ,     2.0669134373310371E-011
   155.99999999999966       ,     2.0225302088916552E-011
   156.99999999999966       ,     1.9793329982095071E-011
   157.99999999999963       ,     1.9372836190834524E-011
   158.99999999999963       ,     1.8963453248944094E-011
   159.99999999999963       ,     1.8564827465106678E-011
   160.99999999999963       ,     1.8176618331127247E-011
   161.99999999999963       ,     1.7798497959550889E-011
   162.99999999999963       ,     1.7430150547591389E-011
   163.99999999999960       ,     1.7071271867329083E-011
   164.99999999999960       ,     1.6721568779748210E-011
   165.99999999999960       ,     1.6380758771604335E-011
   166.99999999999960       ,     1.6048569514705669E-011
   167.99999999999960       ,     1.5724738445008590E-011
   168.99999999999960       ,     1.5409012361752791E-011
   169.99999999999960       ,     1.5101147045074055E-011
   170.99999999999957       ,     1.4800906891037973E-011
   171.99999999999957       ,     1.4508064563634391E-011
   172.99999999999957       ,     1.4222400662200384E-011
   173.99999999999957       ,     1.3943703404311527E-011
   174.99999999999957       ,     1.3671768322913045E-011
   175.99999999999957       ,     1.3406397976493230E-011
   176.99999999999957       ,     1.3147401672891413E-011
   177.99999999999955       ,     1.2894595204874960E-011
   178.99999999999955       ,     1.2647800597583721E-011
   179.99999999999955       ,     1.2406845866864767E-011
   180.99999999999955       ,     1.2171564788406531E-011
   181.99999999999955       ,     1.1941796676713353E-011
   182.99999999999955       ,     1.1717386173619954E-011
   183.99999999999952       ,     1.1498183046073731E-011
   184.99999999999952       ,     1.1284041992420033E-011
   185.99999999999952       ,     1.1074822456850363E-011
   186.99999999999952       ,     1.0870388451998210E-011
   187.99999999999952       ,     1.0670608388780904E-011
   188.99999999999952       ,     1.0475354913329306E-011
   189.99999999999952       ,     1.0284504750918240E-011
   190.99999999999949       ,     1.0097938556296206E-011
   191.99999999999949       ,     9.9155407702327287E-012
   192.99999999999949       ,     9.7371994817846629E-012
   193.99999999999949       ,     9.5628062964413608E-012
   194.99999999999949       ,     9.3922562095442583E-012
   195.99999999999949       ,     9.2254474848361289E-012
   196.99999999999949       ,     9.0622815378484156E-012
   197.99999999999946       ,     8.9026628241146917E-012
   198.99999999999946       ,     8.7464987317719625E-012
   199.99999999999946       ,     8.5936994783607089E-012
   200.99999999999946       ,     8.4441780118696445E-012
   201.99999999999946       ,     8.2978499156360685E-012
   202.99999999999946       ,     8.1546333168137738E-012
   203.99999999999943       ,     8.0144487987033582E-012
   204.99999999999943       ,     7.8772193162325490E-012
   205.99999999999943       ,     7.7428701148603156E-012
   206.99999999999943       ,     7.6113286525780082E-012
   207.99999999999943       ,     7.4825245248621214E-012
   208.99999999999943       ,     7.3563893925243172E-012
   209.99999999999943       ,     7.2328569122775310E-012
   210.99999999999940       ,     7.1118626700655658E-012
   211.99999999999940       ,     6.9933441166001236E-012
   212.99999999999940       ,     6.8772405057083716E-012
   213.99999999999940       ,     6.7634928346764367E-012
   214.99999999999940       ,     6.6520437869936897E-012
   215.99999999999940       ,     6.5428376770483568E-012
   216.99999999999937       ,     6.4358203970424773E-012
   217.99999999999937       ,     6.3309393657707575E-012
   218.99999999999937       ,     6.2281434792685671E-012
   219.99999999999937       ,     6.1273830633077663E-012
   220.99999999999937       ,     6.0286098274215539E-012
   221.99999999999937       ,     5.9317768210102508E-012
   222.99999999999937       ,     5.8368383904930734E-012
   223.99999999999935       ,     5.7437501384329213E-012
   224.99999999999935       ,     5.6524688838390782E-012
   225.99999999999935       ,     5.5629526241085010E-012
   226.99999999999935       ,     5.4751604980668779E-012
   227.99999999999935       ,     5.3890527504944548E-012
   228.99999999999935       ,     5.3045906978166060E-012
   229.99999999999935       ,     5.2217366950751775E-012
   230.99999999999932       ,     5.1404541038902643E-012
   231.99999999999932       ,     5.0607072617221592E-012
   232.99999999999932       ,     4.9824614520125549E-012
   233.99999999999932       ,     4.9056828755126329E-012
   234.99999999999932       ,     4.8303386225052025E-012
   235.99999999999932       ,     4.7563966459713726E-012
   236.99999999999929       ,     4.6838257356906610E-012
   237.99999999999929       ,     4.6125954932250917E-012
   238.99999999999932       ,     4.5426763077317978E-012
   239.99999999999935       ,     4.4740393325987539E-012
   240.99999999999937       ,     4.4066564628160606E-012
   241.99999999999937       ,     4.3405003132208076E-012
   242.99999999999940       ,     4.2755441973195925E-012
   243.99999999999943       ,     4.2117621068103220E-012
   244.99999999999946       ,     4.1491286920215128E-012
   245.99999999999949       ,     4.0876192426356266E-012
   246.99999999999949       ,     4.0272096693232230E-012
   247.99999999999952       ,     3.9678764858350432E-012
   248.99999999999955       ,     3.9095967917284580E-012
   249.99999999999957       ,     3.8523482555842657E-012
   250.99999999999957       ,     3.7961090989032203E-012
   251.99999999999960       ,     3.7408580803053967E-012
   252.99999999999963       ,     3.6865744805566826E-012
   253.99999999999966       ,     3.6332380876384107E-012
   254.99999999999969       ,     3.5808291826465498E-012
   255.99999999999969       ,     3.5293285260648579E-012
   256.99999999999972       ,     3.4787173443557392E-012
   257.99999999999972       ,     3.4289773169992525E-012
   258.99999999999977       ,     3.3800905640522488E-012
   259.99999999999977       ,     3.3320396339838368E-012
   260.99999999999983       ,     3.2848074919281359E-012
   261.99999999999983       ,     3.2383775082914278E-012
   262.99999999999983       ,     3.1927334476870364E-012
   263.99999999999989       ,     3.1478594582907513E-012
   264.99999999999989       ,     3.1037400614340832E-012
   265.99999999999994       ,     3.0603601415474208E-012
   266.99999999999994       ,     3.0177049364057394E-012
   267.99999999999994       ,     2.9757600276871413E-012
   269.00000000000000       ,     2.9345113317571566E-012
   270.00000000000000       ,     2.8939450908685232E-012
   271.00000000000006       ,     2.8540478644310341E-012
   272.00000000000006       ,     2.8148065206968467E-012
   273.00000000000006       ,     2.7762082286077871E-012
   274.00000000000011       ,     2.7382404499425854E-012
   275.00000000000011       ,     2.7008909316373307E-012
   276.00000000000011       ,     2.6641476983844149E-012
   277.00000000000017       ,     2.6279990454058736E-012
   278.00000000000017       ,     2.5924335315028320E-012
   279.00000000000023       ,     2.5574399721760995E-012
   280.00000000000023       ,     2.5230074331275809E-012
   281.00000000000023       ,     2.4891252237951965E-012
   282.00000000000028       ,     2.4557828911630905E-012
   283.00000000000028       ,     2.4229702136929215E-012
   284.00000000000034       ,     2.3906771955124689E-012
   285.00000000000034       ,     2.3588940606375477E-012
   286.00000000000034       ,     2.3276112474701864E-012
   287.00000000000040       ,     2.2968194034719181E-012
   288.00000000000040       ,     2.2665093798299381E-012
   289.00000000000045       ,     2.2366722264837488E-012
   290.00000000000045       ,     2.2072991870884971E-012
   291.00000000000045       ,     2.1783816942951591E-012
   292.00000000000051       ,     2.1499113650396424E-012
   293.00000000000051       ,     2.1218799960163675E-012
   294.00000000000057       ,     2.0942795592704938E-012
   295.00000000000057       ,     2.0671021979228077E-012
   296.00000000000057       ,     2.0403402219640087E-012
   297.00000000000063       ,     2.0139861042292474E-012
   298.00000000000063       ,     1.9880324764446057E-012
   299.00000000000063       ,     1.9624721253942293E-012
   300.00000000000068       ,     1.9372979891684454E-012
   301.00000000000068       ,     1.9125031535775408E-012
   302.00000000000074       ,     1.8880808485387930E-012
   303.00000000000074       ,     1.8640244447429737E-012
   304.00000000000074       ,     1.8403274502181760E-012
   305.00000000000080       ,     1.8169835071195847E-012
   306.00000000000080       ,     1.7939863885390617E-012
   307.00000000000085       ,     1.7713299954425298E-012
   308.00000000000085       ,     1.7490083536509879E-012
   309.00000000000085       ,     1.7270156109295311E-012
   310.00000000000091       ,     1.7053460341084621E-012
   311.00000000000091       ,     1.6839940063575770E-012
   312.00000000000097       ,     1.6629540244677965E-012
   313.00000000000097       ,     1.6422206962017185E-012
   314.00000000000097       ,     1.6217887377711316E-012
   315.00000000000102       ,     1.6016529713200973E-012
   316.00000000000102       ,     1.5818083224894252E-012
   317.00000000000108       ,     1.5622498180643178E-012
   318.00000000000108       ,     1.5429725837002921E-012
   319.00000000000108       ,     1.5239718416034702E-012
   320.00000000000114       ,     1.5052429083897020E-012
   321.00000000000114       ,     1.4867811929718661E-012
   322.00000000000114       ,     1.4685821944193804E-012
   323.00000000000119       ,     1.4506414999899018E-012
   324.00000000000119       ,     1.4329547831114528E-012
   325.00000000000125       ,     1.4155178015292850E-012
   326.00000000000125       ,     1.3983263953203678E-012
   327.00000000000125       ,     1.3813764851532808E-012
   328.00000000000131       ,     1.3646640704598513E-012
   329.00000000000131       ,     1.3481852277400348E-012
   330.00000000000136       ,     1.3319361088033075E-012
   331.00000000000136       ,     1.3159129391719472E-012
   332.00000000000136       ,     1.3001120164372331E-012
   333.00000000000142       ,     1.2845297086852064E-012
   334.00000000000142       ,     1.2691624529879636E-012
   335.00000000000148       ,     1.2540067538796079E-012
   336.00000000000148       ,     1.2390591819116701E-012
   337.00000000000148       ,     1.2243163722186564E-012
   338.00000000000153       ,     1.2097750231361257E-012
   339.00000000000153       ,     1.1954318948626017E-012
   340.00000000000153       ,     1.1812838080543701E-012
   341.00000000000159       ,     1.1673276426586314E-012
   342.00000000000159       ,     1.1535603365601439E-012
   343.00000000000165       ,     1.1399788843621040E-012
   344.00000000000165       ,     1.1265803362413379E-012
   345.00000000000165       ,     1.1133617967088118E-012
   346.00000000000171       ,     1.1003204235032980E-012
   347.00000000000171       ,     1.0874534264482973E-012
   348.00000000000176       ,     1.0747580663950720E-012
   349.00000000000176       ,     1.0622316541361363E-012
   350.00000000000176       ,     1.0498715493567719E-012
   351.00000000000182       ,     1.0376751596334386E-012
   352.00000000000182       ,     1.0256399394442907E-012
   353.00000000000188       ,     1.0137633891940268E-012
   354.00000000000188       ,     1.0020430542628963E-012
   355.00000000000188       ,     9.9047652408385188E-013
   356.00000000000193       ,     9.7906143124824657E-013
   357.00000000000193       ,     9.6779545061796044E-013
   358.00000000000199       ,     9.5667629846262688E-013
   359.00000000000199       ,     9.4570173162104653E-013
   360.00000000000199       ,     9.3486954667235415E-013
   361.00000000000205       ,     9.2417757913707640E-013
   362.00000000000205       ,     9.1362370268967915E-013
   363.00000000000205       ,     9.0320582838840327E-013
   364.00000000000210       ,     8.9292190392646792E-013
   365.00000000000210       ,     8.8276991291777915E-013
   366.00000000000216       ,     8.7274787413282217E-013
   367.00000000000216       ,     8.6285384083241049E-013
   368.00000000000216       ,     8.5308590009815803E-013
   369.00000000000222       ,     8.4344217211702831E-013
   370.00000000000222       ,     8.3392080956492954E-013
   371.00000000000227       ,     8.2451999693695504E-013
   372.00000000000227       ,     8.1523794995792556E-013
   373.00000000000227       ,     8.0607291491820242E-013
   374.00000000000233       ,     7.9702316814307448E-013
   375.00000000000233       ,     7.8808701532538656E-013
   376.00000000000239       ,     7.7926279103951831E-013
   377.00000000000239       ,     7.7054885810460510E-013
   378.00000000000239       ,     7.6194360709096010E-013
   379.00000000000244       ,     7.5344545575193982E-013
   380.00000000000244       ,     7.4505284851063442E-013
   381.00000000000244       ,     7.3676425595960934E-013
   382.00000000000250       ,     7.2857817433925815E-013
   383.00000000000250       ,     7.2049312505427361E-013
   384.00000000000256       ,     7.1250765418498654E-013
   385.00000000000256       ,     7.0462033204103081E-013
   386.00000000000256       ,     6.9682975267570414E-013
   387.00000000000261       ,     6.8913453345810533E-013
   388.00000000000261       ,     6.8153331459756870E-013
   389.00000000000267       ,     6.7402475876431514E-013
   390.00000000000267       ,     6.6660755061811932E-013
   391.00000000000267       ,     6.5928039640898704E-013
   392.00000000000273       ,     6.5204202360963397E-013
   393.00000000000273       ,     6.4489118046284744E-013
   394.00000000000279       ,     6.3782663562165963E-013
   395.00000000000279       ,     6.3084717778090132E-013
   396.00000000000279       ,     6.2395161528562089E-013
   397.00000000000284       ,     6.1713877577523902E-013
   398.00000000000284       ,     6.1040750583761522E-013
   399.00000000000290       ,     6.0375667062653388E-013
   400.00000000000290       ,     5.9718515356190478E-013
   401.00000000000290       ,     5.9069185597665219E-013
   402.00000000000296       ,     5.8427569677833988E-013
   403.00000000000296       ,     5.7793561215130021E-013
   404.00000000000296       ,     5.7167055521774084E-013
   405.00000000000301       ,     5.6547949574750309E-013
   406.00000000000301       ,     5.5936141985975767E-013
   407.00000000000307       ,     5.5331532970496237E-013
   408.00000000000307       ,     5.4734024319720678E-013
   409.00000000000307       ,     5.4143519372097660E-013
   410.00000000000313       ,     5.3559922986596903E-013
   411.00000000000313       ,     5.2983141512256006E-013
   412.00000000000318       ,     5.2413082765810651E-013
   413.00000000000318       ,     5.1849656002182383E-013
   414.00000000000318       ,     5.1292771890188126E-013
   415.00000000000324       ,     5.0742342488419798E-013
   416.00000000000324       ,     5.0198281218721996E-013
   417.00000000000330       ,     4.9660502842756362E-013
   418.00000000000330       ,     4.9128923439578189E-013
   419.00000000000330       ,     4.8603460380236644E-013
   420.00000000000335       ,     4.8084032307380340E-013
   421.00000000000335       ,     4.7570559111374205E-013
   422.00000000000335       ,     4.7062961909100992E-013
   423.00000000000341       ,     4.6561163023422060E-013
   424.00000000000341       ,     4.6065085959352144E-013
   425.00000000000347       ,     4.5574655387740627E-013
   426.00000000000347       ,     4.5089797121305898E-013
   427.00000000000347       ,     4.4610438096754629E-013
   428.00000000000352       ,     4.4136506355838208E-013
   429.00000000000352       ,     4.3667931023591813E-013
   430.00000000000358       ,     4.3204642294493274E-013
   431.00000000000358       ,     4.2746571408746718E-013
   432.00000000000358       ,     4.2293650638935980E-013
   433.00000000000364       ,     4.1845813269060137E-013
   434.00000000000364       ,     4.1402993579992919E-013
   435.00000000000369       ,     4.0965126829735989E-013
   436.00000000000369       ,     4.0532149239882095E-013
   437.00000000000369       ,     4.0103997976769680E-013
   438.00000000000375       ,     3.9680611137421242E-013
   439.00000000000375       ,     3.9261927732831206E-013
   440.00000000000381       ,     3.8847887672325479E-013
   441.00000000000381       ,     3.8438431749126092E-013
   442.00000000000381       ,     3.8033501626436656E-013
   443.00000000000387       ,     3.7633039820561059E-013
   444.00000000000387       ,     3.7236989688324202E-013
   445.00000000000387       ,     3.6845295414060437E-013
   446.00000000000392       ,     3.6457901992627086E-013
   447.00000000000392       ,     3.6074755219588326E-013
   448.00000000000398       ,     3.5695801675286525E-013
   449.00000000000398       ,     3.5320988713540636E-013
   450.00000000000398       ,     3.4950264448330878E-013
   451.00000000000404       ,     3.4583577741365977E-013
   452.00000000000404       ,     3.4220878189865658E-013
   453.00000000000409       ,     3.3862116113126149E-013
   454.00000000000409       ,     3.3507242544262285E-013
   455.00000000000409       ,     3.3156209215337097E-013
   456.00000000000415       ,     3.2808968546080611E-013
   457.00000000000415       ,     3.2465473635648409E-013
   458.00000000000421       ,     3.2125678248220750E-013
   459.00000000000421       ,     3.1789536804177809E-013
   460.00000000000421       ,     3.1457004369556786E-013
   461.00000000000426       ,     3.1128036643822257E-013
   462.00000000000426       ,     3.0802589952196958E-013
   463.00000000000426       ,     3.0480621234166577E-013
   464.00000000000432       ,     3.0162088033587630E-013
   465.00000000000432       ,     2.9846948489933491E-013
   466.00000000000438       ,     2.9535161328368797E-013
   467.00000000000438       ,     2.9226685849265055E-013
   468.00000000000438       ,     2.8921481921506255E-013
   469.00000000000443       ,     2.8619509971573889E-013
   470.00000000000443       ,     2.8320730974751044E-013
   471.00000000000449       ,     2.8025106447855908E-013
   472.00000000000449       ,     2.7732598439568602E-013
   473.00000000000449       ,     2.7443169521589985E-013
   474.00000000000455       ,     2.7156782782625868E-013
   475.00000000000455       ,     2.6873401818438048E-013
   476.00000000000460       ,     2.6592990723384148E-013
   477.00000000000460       ,     2.6315514085078177E-013
   478.00000000000455       ,     2.6040936973847390E-013
   479.00000000000455       ,     2.5769224937794586E-013
   480.00000000000449       ,     2.5500343994417658E-013
   481.00000000000449       ,     2.5234260621927926E-013
   482.00000000000443       ,     2.4970941754458910E-013
   483.00000000000443       ,     2.4710354773435221E-013
   484.00000000000438       ,     2.4452467501598782E-013
   485.00000000000438       ,     2.4197248195960489E-013
   486.00000000000432       ,     2.3944665540340442E-013
   487.00000000000432       ,     2.3694688640381149E-013
   488.00000000000426       ,     2.3447287016188043E-013
   489.00000000000421       ,     2.3202430595499880E-013
   490.00000000000421       ,     2.2960089709254488E-013
   491.00000000000415       ,     2.2720235082768834E-013
   492.00000000000415       ,     2.2482837832666191E-013
   493.00000000000409       ,     2.2247869458851118E-013
   494.00000000000409       ,     2.2015301840003513E-013
   495.00000000000404       ,     2.1785107226745675E-013
   496.00000000000404       ,     2.1557258237756338E-013
   497.00000000000398       ,     2.1331727851836471E-013
   498.00000000000398       ,     2.1108489404321174E-013
   499.00000000000392       ,     2.0887516581872970E-013
   500.00000000000392       ,     2.0668783415884109E-013
   501.00000000000387       ,     2.0452264278574059E-013
   502.00000000000381       ,     2.0237933877095346E-013
   503.00000000000381       ,     2.0025767248871994E-013
   504.00000000000375       ,     1.9815739757032351E-013
   505.00000000000375       ,     1.9607827085382879E-013
   506.00000000000369       ,     1.9402005232701857E-013
   507.00000000000369       ,     1.9198250510560144E-013
   508.00000000000364       ,     1.8996539535341456E-013
   509.00000000000364       ,     1.8796849227177384E-013
   510.00000000000358       ,     1.8599156802983726E-013
   511.00000000000358       ,     1.8403439773389294E-013
   512.00000000000352       ,     1.8209675937734548E-013
   513.00000000000352       ,     1.8017843380656594E-013
   514.00000000000341       ,     1.7827920467181936E-013
   515.00000000000341       ,     1.7639885838936251E-013
   516.00000000000341       ,     1.7453718410935893E-013
   517.00000000000341       ,     1.7269397365579661E-013
   518.00000000000330       ,     1.7086902151273967E-013
   519.00000000000330       ,     1.6906212476739471E-013
   520.00000000000330       ,     1.6727308308155152E-013
   521.00000000000330       ,     1.6550169864911089E-013
   522.00000000000318       ,     1.6374777617075378E-013
   523.00000000000318       ,     1.6201112280606617E-013
   524.00000000000318       ,     1.6029154813466756E-013
   525.00000000000307       ,     1.5858886414263215E-013
   526.00000000000307       ,     1.5690288516983466E-013
   527.00000000000307       ,     1.5523342787921068E-013
   528.00000000000307       ,     1.5358031123030529E-013
   529.00000000000296       ,     1.5194335644210048E-013
   530.00000000000296       ,     1.5032238696109890E-013
   531.00000000000296       ,     1.4871722843471160E-013
   532.00000000000296       ,     1.4712770866560585E-013
   533.00000000000284       ,     1.4555365760558296E-013
   534.00000000000284       ,     1.4399490729999856E-013
   535.00000000000284       ,     1.4245129188196519E-013
   536.00000000000284       ,     1.4092264751972419E-013
   537.00000000000273       ,     1.3940881240853634E-013
   538.00000000000273       ,     1.3790962672637410E-013
   539.00000000000273       ,     1.3642493262329305E-013
   540.00000000000261       ,     1.3495457417394879E-013
   541.00000000000261       ,     1.3349839737022069E-013
   542.00000000000261       ,     1.3205625007881299E-013
   543.00000000000261       ,     1.3062798202841065E-013
   544.00000000000250       ,     1.2921344477349672E-013
   545.00000000000250       ,     1.2781249167880860E-013
   546.00000000000250       ,     1.2642497788104041E-013
   547.00000000000250       ,     1.2505076027860580E-013
   548.00000000000239       ,     1.2368969749830533E-013
   549.00000000000239       ,     1.2234164988072141E-013
   550.00000000000239       ,     1.2100647944697413E-013
   551.00000000000227       ,     1.1968404987686618E-013
   552.00000000000227       ,     1.1837422649372175E-013
   553.00000000000227       ,     1.1707687623873932E-013
   554.00000000000227       ,     1.1579186764256444E-013
   555.00000000000216       ,     1.1451907081259522E-013
   556.00000000000216       ,     1.1325835740813342E-013
   557.00000000000216       ,     1.1200960061697477E-013
   558.00000000000216       ,     1.1077267514095812E-013
   559.00000000000205       ,     1.0954745716797037E-013
   560.00000000000205       ,     1.0833382435745167E-013
   561.00000000000205       ,     1.0713165581946228E-013
   562.00000000000193       ,     1.0594083209495840E-013
   563.00000000000193       ,     1.0476123513548707E-013
   564.00000000000193       ,     1.0359274828612248E-013
   565.00000000000193       ,     1.0243525626395712E-013
   566.00000000000182       ,     1.0128864514622410E-013
   567.00000000000182       ,     1.0015280234617145E-013
   568.00000000000182       ,     9.9027616594099032E-014
   569.00000000000182       ,     9.7912977924752808E-014
   570.00000000000171       ,     9.6808777663929968E-014
   571.00000000000171       ,     9.5714908397414344E-014
   572.00000000000171       ,     9.4631263965451827E-014
   573.00000000000171       ,     9.3557739445191687E-014
   574.00000000000159       ,     9.2494231132011967E-014
   575.00000000000159       ,     9.1440636523096454E-014
   576.00000000000159       ,     9.0396854306997689E-014
   577.00000000000148       ,     8.9362784337233557E-014
   578.00000000000148       ,     8.8338327629224397E-014
   579.00000000000148       ,     8.7323386338991678E-014
   580.00000000000148       ,     8.6317863746103096E-014
   581.00000000000136       ,     8.5321664242989139E-014
   582.00000000000136       ,     8.4334693321159259E-014
   583.00000000000136       ,     8.3356857556301696E-014
   584.00000000000136       ,     8.2388064588606871E-014
   585.00000000000125       ,     8.1428223121007298E-014
   586.00000000000125       ,     8.0477242888325442E-014
   587.00000000000125       ,     7.9535034664343129E-014
   588.00000000000114       ,     7.8601510224502171E-014
   589.00000000000114       ,     7.7676582363388019E-014
   590.00000000000114       ,     7.6760164851492562E-014
   591.00000000000114       ,     7.5852172440545128E-014
   592.00000000000102       ,     7.4952520848464597E-014
   593.00000000000102       ,     7.4061126739190601E-014
   594.00000000000102       ,     7.3177907723859185E-014
   595.00000000000102       ,     7.2302782336585033E-014
   596.00000000000091       ,     7.1435670026201182E-014
   597.00000000000091       ,     7.0576491148332641E-014
   598.00000000000091       ,     6.9725166953202299E-014
   599.00000000000080       ,     6.8881619570740206E-014
   600.00000000000080       ,     6.8045771997391497E-014
   601.00000000000080       ,     6.7217548098105332E-014
   602.00000000000080       ,     6.6396872578117277E-014
   603.00000000000068       ,     6.5583670987134990E-014
   604.00000000000068       ,     6.4777869693256443E-014
   605.00000000000068       ,     6.3979395894717567E-014
   606.00000000000068       ,     6.3188177584091181E-014
   607.00000000000057       ,     6.2404143561231200E-014
   608.00000000000057       ,     6.1627223405396452E-014
   609.00000000000057       ,     6.0857347475992015E-014
   610.00000000000057       ,     6.0094446901039596E-014
   611.00000000000045       ,     5.9338453563023770E-014
   612.00000000000045       ,     5.8589300096622453E-014
   613.00000000000045       ,     5.7846919874171448E-014
   614.00000000000034       ,     5.7111246998150637E-014
   615.00000000000034       ,     5.6382216291826824E-014
   616.00000000000034       ,     5.5659763290482981E-014
   617.00000000000034       ,     5.4943824235368676E-014
   618.00000000000023       ,     5.4234336059060333E-014
   619.00000000000023       ,     5.3531236381215535E-014
   620.00000000000023       ,     5.2834463505342874E-014
   621.00000000000023       ,     5.2143956391725783E-014
   622.00000000000011       ,     5.1459654674915755E-014
   623.00000000000011       ,     5.0781498637504398E-014
   624.00000000000011       ,     5.0109429207083355E-014
   625.00000000000000       ,     4.9443387950999354E-014
   626.00000000000000       ,     4.8783317060659848E-014
   627.00000000000000       ,     4.8129159357739767E-014
   628.00000000000000       ,     4.7480858273562548E-014
   628.99999999999989       ,     4.6838357846810714E-014
   629.99999999999989       ,     4.6201602719353503E-014
   630.99999999999989       ,     4.5570538121104790E-014
   631.99999999999989       ,     4.4945109870503948E-014
   632.99999999999977       ,     4.4325264363203078E-014
   633.99999999999977       ,     4.3710948566410035E-014
   634.99999999999977       ,     4.3102110016040445E-014
   635.99999999999966       ,     4.2498696798216862E-014
   636.99999999999966       ,     4.1900657555361913E-014
   637.99999999999966       ,     4.1307941474684877E-014
   638.99999999999966       ,     4.0720498281546118E-014
   639.99999999999955       ,     4.0138278227867402E-014
   640.99999999999955       ,     3.9561232098954923E-014
   641.99999999999955       ,     3.8989311195120666E-014
   642.99999999999955       ,     3.8422467328016757E-014
   643.99999999999943       ,     3.7860652820117094E-014
   644.99999999999943       ,     3.7303820492638766E-014
   645.99999999999943       ,     3.6751923662165895E-014
   646.99999999999932       ,     3.6204916135640295E-014
   647.99999999999932       ,     3.5662752200975928E-014
   648.99999999999932       ,     3.5125386625210614E-014
   649.99999999999932       ,     3.4592774650125787E-014
   650.99999999999920       ,     3.4064871981057104E-014
   651.99999999999920       ,     3.3541634784645476E-014
   652.99999999999920       ,     3.3023019684341575E-014
   653.99999999999920       ,     3.2508983750828941E-014
   654.99999999999909       ,     3.1999484507115529E-014
   655.99999999999909       ,     3.1494479909345110E-014
   656.99999999999909       ,     3.0993928351313406E-014
   657.99999999999909       ,     3.0497788657689123E-014
   658.99999999999898       ,     3.0006020076366658E-014
   659.99999999999898       ,     2.9518582274244205E-014
   660.99999999999898       ,     2.9035435337484619E-014
   661.99999999999886       ,     2.8556539757924935E-014
   662.99999999999886       ,     2.8081856436386208E-014
   663.99999999999886       ,     2.7611346672099876E-014
   664.99999999999886       ,     2.7144972159738621E-014
   665.99999999999875       ,     2.6682694990880954E-014
   666.99999999999875       ,     2.6224477638501962E-014
   667.99999999999875       ,     2.5770282962446194E-014
   668.99999999999875       ,     2.5320074199486226E-014
   669.99999999999864       ,     2.4873814958366017E-014
   670.99999999999864       ,     2.4431469224131896E-014
   671.99999999999864       ,     2.3993001338080149E-014
   672.99999999999852       ,     2.3558376011615473E-014
   673.99999999999852       ,     2.3127558308428587E-014
   674.99999999999852       ,     2.2700513647492556E-014
   675.99999999999852       ,     2.2277207795226087E-014
   676.99999999999841       ,     2.1857606866320514E-014
   677.99999999999841       ,     2.1441677314806802E-014
   678.99999999999841       ,     2.1029385933457598E-014
   679.99999999999841       ,     2.0620699846184529E-014
   680.99999999999829       ,     2.0215586510093236E-014
   681.99999999999829       ,     1.9814013708517356E-014
   682.99999999999829       ,     1.9415949545310064E-014
   683.99999999999818       ,     1.9021362443654217E-014
   684.99999999999818       ,     1.8630221143527928E-014
   685.99999999999818       ,     1.8242494696661543E-014
   686.99999999999818       ,     1.7858152462458602E-014
   687.99999999999807       ,     1.7477164106199463E-014
   688.99999999999807       ,     1.7099499592765243E-014
   689.99999999999807       ,     1.6725129187401754E-014
   690.99999999999807       ,     1.6354023449607855E-014
   691.99999999999795       ,     1.5986153231235309E-014
   692.99999999999795       ,     1.5621489671896591E-014
   693.99999999999795       ,     1.5260004194131126E-014
   694.99999999999795       ,     1.4901668506683710E-014
   695.99999999999784       ,     1.4546454595675142E-014
   696.99999999999784       ,     1.4194334720300044E-014
   697.99999999999784       ,     1.3845281418520081E-014
   698.99999999999773       ,     1.3499267491780783E-014
   699.99999999999773       ,     1.3156266013394930E-014
   700.99999999999773       ,     1.2816250317439672E-014
   701.99999999999773       ,     1.2479193999108591E-014
   702.99999999999761       ,     1.2145070916154473E-014
   703.99999999999761       ,     1.1813855174588013E-014
   704.99999999999761       ,     1.1485521139025910E-014
   705.99999999999761       ,     1.1160043421851947E-014
   706.99999999999750       ,     1.0837396880690376E-014
   707.99999999999750       ,     1.0517556621433984E-014
   708.99999999999750       ,     1.0200497986827104E-014
   709.99999999999739       ,     9.8861965647579414E-015
   710.99999999999739       ,     9.5746281716047879E-015
   711.99999999999739       ,     9.2657688680217902E-015
   712.99999999999739       ,     8.9595949384542957E-015
   713.99999999999727       ,     8.6560828976924883E-015
   714.99999999999727       ,     8.3552094893053082E-015
   715.99999999999727       ,     8.0569516770012121E-015
   716.99999999999727       ,     7.7612866511267759E-015
   717.99999999999716       ,     7.4681918178839745E-015
   718.99999999999716       ,     7.1776448000960867E-015
   719.99999999999716       ,     6.8896234380317269E-015
   720.99999999999704       ,     6.6041057815184593E-015
   721.99999999999704       ,     6.3210700913522732E-015
   722.99999999999704       ,     6.0404948368456769E-015
   723.99999999999704       ,     5.7623586918718323E-015
   724.99999999999693       ,     5.4866405334968731E-015
   725.99999999999693       ,     5.2133194405204109E-015
   726.99999999999693       ,     4.9423746920322396E-015
   727.99999999999693       ,     4.6737857606537461E-015
   728.99999999999682       ,     4.4075323184860107E-015
   729.99999999999682       ,     4.1435942250654399E-015
   730.99999999999682       ,     3.8819515362601205E-015
   731.99999999999682       ,     3.6225844921728793E-015
   732.99999999999670       ,     3.3654735219770180E-015
   733.99999999999670       ,     3.1105992399550371E-015
   734.99999999999670       ,     2.8579424424515079E-015
   735.99999999999659       ,     2.6074841051521716E-015
   736.99999999999659       ,     2.3592053847168660E-015
   737.99999999999659       ,     2.1130876166933742E-015
   738.99999999999659       ,     1.8691123072041563E-015
   739.99999999999648       ,     1.6272611386717595E-015
   740.99999999999648       ,     1.3875159673967230E-015
   741.99999999999648       ,     1.1498588138745569E-015
   742.99999999999648       ,     9.1427187219532794E-016
   743.99999999999636       ,     6.8073749891911201E-016
   744.99999999999636       ,     4.4923821687942068E-016
   745.99999999999636       ,     2.1975671225786326E-016
   746.99999999999625       ,    -7.7241684070442702E-018
   747.99999999999625       ,    -2.3322141880369477E-016
   748.99999999999625       ,    -4.5675187494443247E-016
   749.99999999999625       ,    -6.7833221665866467E-016
   750.99999999999613       ,    -8.9797896880618251E-016
   751.99999999999613       ,    -1.1157085033914836E-015
   752.99999999999613       ,    -1.3315370402467236E-015
   753.99999999999613       ,    -1.5454806494620469E-015
   754.99999999999602       ,    -1.7575552555485910E-015
   755.99999999999602       ,    -1.9677766326653476E-015
   756.99999999999602       ,    -2.1761604100263793E-015
   757.99999999999591       ,    -2.3827220751060330E-015
   758.99999999999591       ,    -2.5874769711702307E-015
   759.99999999999591       ,    -2.7904403018520912E-015
   760.99999999999591       ,    -2.9916271288839001E-015
   761.99999999999579       ,    -3.1910523797836293E-015
   762.99999999999579       ,    -3.3887308417503715E-015
   763.99999999999579       ,    -3.5846771699306018E-015
   764.99999999999579       ,    -3.7789058823659363E-015
   765.99999999999568       ,    -3.9714313663473781E-015
   766.99999999999568       ,    -4.1622678789796629E-015
   767.99999999999568       ,    -4.3514295457888860E-015
   768.99999999999568       ,    -4.5389303637154494E-015
   769.99999999999557       ,    -4.7247842049504282E-015
   770.99999999999557       ,    -4.9090048103757611E-015
   771.99999999999557       ,    -5.0916058035736455E-015
   772.99999999999545       ,    -5.2726006790370458E-015
   773.99999999999545       ,    -5.4520028106527506E-015
   774.99999999999545       ,    -5.6298254514830958E-015
   775.99999999999545       ,    -5.8060817354494136E-015
   776.99999999999534       ,    -5.9807846775339972E-015
   777.99999999999534       ,    -6.1539471747758225E-015
   778.99999999999534       ,    -6.3255820081586686E-015
   779.99999999999534       ,    -6.4957018454622156E-015
   780.99999999999523       ,    -6.6643192382720242E-015
   781.99999999999523       ,    -6.8314466264222555E-015
   782.99999999999523       ,    -6.9970963374237995E-015
   783.99999999999511       ,    -7.1612805895714539E-015
   784.99999999999511       ,    -7.3240114910797938E-015
   785.99999999999511       ,    -7.4853010415821759E-015
   786.99999999999511       ,    -7.6451611330317577E-015
   787.99999999999500       ,    -7.8036035535781171E-015
   788.99999999999500       ,    -7.9606399836617266E-015
   789.99999999999500       ,    -8.1162820001517167E-015
   790.99999999999500       ,    -8.2705410772634552E-015
   791.99999999999488       ,    -8.4234285888423955E-015
   792.99999999999488       ,    -8.5749558041454191E-015
   793.99999999999488       ,    -8.7251338948054187E-015
   794.99999999999477       ,    -8.8739739335721343E-015
   795.99999999999477       ,    -9.0214868924594864E-015
   796.99999999999477       ,    -9.1676836501963499E-015
   797.99999999999477       ,    -9.3125749866486369E-015
   798.99999999999466       ,    -9.4561715875560581E-015
   799.99999999999466       ,    -9.5984840435989489E-015
   800.99999999999466       ,    -9.7395228525297701E-015
   801.99999999999466       ,    -9.8792984200306122E-015
   802.99999999999454       ,    -1.0017821059234409E-014
   803.99999999999454       ,    -1.0155100993528219E-014
   804.99999999999454       ,    -1.0291148356407756E-014
   805.99999999999443       ,    -1.0425973191263849E-014
   806.99999999999443       ,    -1.0559585455096848E-014
   807.99999999999443       ,    -1.0691995016961021E-014
   808.99999999999443       ,    -1.0823211660361471E-014
   809.99999999999432       ,    -1.0953245079587599E-014
   810.99999999999432       ,    -1.1082104890793992E-014
   811.99999999999432       ,    -1.1209800619670144E-014
   812.99999999999432       ,    -1.1336341713405015E-014
   813.99999999999420       ,    -1.1461737534116404E-014
   814.99999999999420       ,    -1.1585997365106963E-014
   815.99999999999420       ,    -1.1709130405240774E-014
   816.99999999999420       ,    -1.1831145778262007E-014
   817.99999999999409       ,    -1.1952052524170899E-014
   818.99999999999409       ,    -1.2071859607595030E-014
   819.99999999999409       ,    -1.2190575913909295E-014
   820.99999999999397       ,    -1.2308210253323594E-014
   821.99999999999397       ,    -1.2424771357383885E-014
   822.99999999999397       ,    -1.2540267884871874E-014
   823.99999999999397       ,    -1.2654708417266440E-014
   824.99999999999386       ,    -1.2768101464695096E-014
   825.99999999999386       ,    -1.2880455461014967E-014
   826.99999999999386       ,    -1.2991778770058453E-014
   827.99999999999386       ,    -1.3102079682255281E-014
   828.99999999999375       ,    -1.3211366417939645E-014
   829.99999999999375       ,    -1.3319647126476946E-014
   830.99999999999375       ,    -1.3426929885741685E-014
   831.99999999999363       ,    -1.3533222707381867E-014
   832.99999999999363       ,    -1.3638533531423356E-014
   833.99999999999363       ,    -1.3742870232385941E-014
   834.99999999999363       ,    -1.3846240616375415E-014
   835.99999999999352       ,    -1.3948652422556382E-014
   836.99999999999352       ,    -1.4050113324318364E-014
   837.99999999999352       ,    -1.4150630930686402E-014
   838.99999999999352       ,    -1.4250212784779414E-014
   839.99999999999341       ,    -1.4348866364458477E-014
   840.99999999999341       ,    -1.4446599087261156E-014
   841.99999999999341       ,    -1.4543418304519943E-014
   842.99999999999329       ,    -1.4639331307137962E-014
   843.99999999999329       ,    -1.4734345322666966E-014
   844.99999999999329       ,    -1.4828467520054245E-014
   845.99999999999329       ,    -1.4921705003898750E-014
   846.99999999999318       ,    -1.5014064820938360E-014
   847.99999999999318       ,    -1.5105553958701889E-014
   848.99999999999318       ,    -1.5196179344393846E-014
   849.99999999999318       ,    -1.5285947848055262E-014
   850.99999999999307       ,    -1.5374866280206385E-014
   851.99999999999307       ,    -1.5462941396464021E-014
   852.99999999999307       ,    -1.5550179893188110E-014
   853.99999999999307       ,    -1.5636588411385307E-014
   854.99999999999295       ,    -1.5722173536781619E-014
   855.99999999999295       ,    -1.5806941799488603E-014
   856.99999999999295       ,    -1.5890899673572306E-014
   857.99999999999284       ,    -1.5974053581520967E-014
   858.99999999999284       ,    -1.6056409889984902E-014
   859.99999999999284       ,    -1.6137974912605782E-014
   860.99999999999284       ,    -1.6218754910350773E-014
   861.99999999999272       ,    -1.6298756092950657E-014
   862.99999999999272       ,    -1.6377984616807150E-014
   863.99999999999272       ,    -1.6456446588414671E-014
   864.99999999999272       ,    -1.6534148062336118E-014
   865.99999999999261       ,    -1.6611095042150589E-014
   866.99999999999261       ,    -1.6687293483936735E-014
   867.99999999999261       ,    -1.6762749291780826E-014
   868.99999999999250       ,    -1.6837468322215953E-014
   869.99999999999250       ,    -1.6911456383704946E-014
   870.99999999999250       ,    -1.6984719233752083E-014
   871.99999999999250       ,    -1.7057262583695453E-014
   872.99999999999238       ,    -1.7129092100501029E-014
   873.99999999999238       ,    -1.7200213400225316E-014
   874.99999999999238       ,    -1.7270632053277250E-014
   875.99999999999238       ,    -1.7340353585653079E-014
   876.99999999999227       ,    -1.7409383477425040E-014
   877.99999999999227       ,    -1.7477727161160298E-014
   878.99999999999227       ,    -1.7545390028872901E-014
   879.99999999999216       ,    -1.7612377423589678E-014
   880.99999999999216       ,    -1.7678694648413844E-014
   881.99999999999216       ,    -1.7744346960128876E-014
   882.99999999999216       ,    -1.7809339573172214E-014
   883.99999999999204       ,    -1.7873677660538433E-014
   884.99999999999204       ,    -1.7937366350944456E-014
   885.99999999999204       ,    -1.8000410731150663E-014
   886.99999999999204       ,    -1.8062815847723234E-014
   887.99999999999193       ,    -1.8124586704859324E-014
   888.99999999999193       ,    -1.8185728266345580E-014
   889.99999999999193       ,    -1.8246245456141311E-014
   890.99999999999193       ,    -1.8306143155620919E-014
   891.99999999999181       ,    -1.8365426208527787E-014
   892.99999999999181       ,    -1.8424099418589563E-014
   893.99999999999181       ,    -1.8482167550546608E-014
   894.99999999999170       ,    -1.8539635329872407E-014
   895.99999999999170       ,    -1.8596507444733218E-014
   896.99999999999170       ,    -1.8652788543150958E-014
   897.99999999999170       ,    -1.8708483237645826E-014
   898.99999999999159       ,    -1.8763596102321349E-014
   899.99999999999159       ,    -1.8818131674478145E-014
   900.99999999999159       ,    -1.8872094453659137E-014
   901.99999999999159       ,    -1.8925488905278403E-014
   902.99999999999147       ,    -1.8978319456485007E-014
   903.99999999999147       ,    -1.9030590498930405E-014
   904.99999999999147       ,    -1.9082306390229923E-014
   905.99999999999136       ,    -1.9133471451077743E-014
   906.99999999999136       ,    -1.9184089969170542E-014
   907.99999999999136       ,    -1.9234166196685315E-014
   908.99999999999136       ,    -1.9283704349951862E-014
   909.99999999999125       ,    -1.9332708614747596E-014
   910.99999999999125       ,    -1.9381183140534627E-014
   911.99999999999125       ,    -1.9429132044594812E-014
   912.99999999999125       ,    -1.9476559411738550E-014
   913.99999999999113       ,    -1.9523469292110355E-014
   914.99999999999113       ,    -1.9569865705640123E-014
   915.99999999999113       ,    -1.9615752638347375E-014
   916.99999999999102       ,    -1.9661134044604795E-014
   917.99999999999102       ,    -1.9706013848020775E-014
   918.99999999999102       ,    -1.9750395941133053E-014
   919.99999999999102       ,    -1.9794284183147582E-014
   920.99999999999091       ,    -1.9837682404960012E-014
   921.99999999999091       ,    -1.9880594406175714E-014
   922.99999999999091       ,    -1.9923023954982962E-014
   923.99999999999091       ,    -1.9964974791226010E-014
   924.99999999999079       ,    -2.0006450624104074E-014
   925.99999999999079       ,    -2.0047455132934938E-014
   926.99999999999079       ,    -2.0087991969600918E-014
   927.99999999999068       ,    -2.0128064754178348E-014
   928.99999999999068       ,    -2.0167677081024430E-014
   929.99999999999068       ,    -2.0206832513235542E-014
   930.99999999999068       ,    -2.0245534588163961E-014
   931.99999999999056       ,    -2.0283786813325179E-014
   932.99999999999056       ,    -2.0321592669788157E-014
   933.99999999999056       ,    -2.0358955609612049E-014
   934.99999999999056       ,    -2.0395879059493246E-014
   935.99999999999045       ,    -2.0432366416866103E-014
   936.99999999999045       ,    -2.0468421054292825E-014
   937.99999999999045       ,    -2.0504046317229345E-014
   938.99999999999045       ,    -2.0539245523696546E-014
   939.99999999999034       ,    -2.0574021967198964E-014
   940.99999999999034       ,    -2.0608378913808794E-014
   941.99999999999034       ,    -2.0642319605653772E-014
   942.99999999999022       ,    -2.0675847257423586E-014
   943.99999999999022       ,    -2.0708965060040022E-014
   944.99999999999022       ,    -2.0741676179113765E-014
   945.99999999999022       ,    -2.0773983754323352E-014
   946.99999999999011       ,    -2.0805890902784095E-014
   947.99999999999011       ,    -2.0837400714880577E-014
   948.99999999999011       ,    -2.0868516258668784E-014
   949.99999999999011       ,    -2.0899240577806912E-014
   950.99999999999000       ,    -2.0929576690579325E-014
   951.99999999999000       ,    -2.0959527594457009E-014
   952.99999999999000       ,    -2.0989096261251821E-014
   953.99999999998988       ,    -2.1018285640965103E-014
   954.99999999999000       ,    -2.1047098658989738E-014
   955.99999999999011       ,    -2.1075538220203923E-014
   956.99999999999011       ,    -2.1103607205137309E-014
   957.99999999999022       ,    -2.1131308472036776E-014
   958.99999999999034       ,    -2.1158644857609476E-014
   959.99999999999034       ,    -2.1185619176334999E-014
   960.99999999999045       ,    -2.1212234220336639E-014
   961.99999999999056       ,    -2.1238492761153939E-014
   962.99999999999056       ,    -2.1264397546988521E-014
   963.99999999999068       ,    -2.1289951306939208E-014
   964.99999999999079       ,    -2.1315156748307641E-014
   965.99999999999079       ,    -2.1340016554992189E-014
   966.99999999999091       ,    -2.1364533394904622E-014
   967.99999999999102       ,    -2.1388709909759714E-014
   968.99999999999102       ,    -2.1412548725726138E-014
   969.99999999999113       ,    -2.1436052446356444E-014
   970.99999999999125       ,    -2.1459223654431275E-014
   971.99999999999125       ,    -2.1482064915336284E-014
   972.99999999999136       ,    -2.1504578772409889E-014
   973.99999999999147       ,    -2.1526767749158725E-014
   974.99999999999147       ,    -2.1548634352262442E-014
   975.99999999999159       ,    -2.1570181067080082E-014
   976.99999999999170       ,    -2.1591410359660419E-014
   977.99999999999170       ,    -2.1612324678563058E-014
   978.99999999999181       ,    -2.1632926452428594E-014
   979.99999999999193       ,    -2.1653218091625010E-014
   980.99999999999193       ,    -2.1673201987296656E-014
   981.99999999999204       ,    -2.1692880514529018E-014
   982.99999999999216       ,    -2.1712256026842981E-014
   983.99999999999216       ,    -2.1731330862738136E-014
   984.99999999999227       ,    -2.1750107341264034E-014
   985.99999999999238       ,    -2.1768587764304824E-014
   986.99999999999238       ,    -2.1786774415188243E-014
   987.99999999999250       ,    -2.1804669560987226E-014
   988.99999999999261       ,    -2.1822275451442086E-014
   989.99999999999261       ,    -2.1839594317948714E-014
   990.99999999999272       ,    -2.1856628376239818E-014
   991.99999999999284       ,    -2.1873379824229944E-014
   992.99999999999284       ,    -2.1889850844067295E-014
   993.99999999999295       ,    -2.1906043600212267E-014
   994.99999999999307       ,    -2.1921960240931064E-014
   995.99999999999307       ,    -2.1937602898821251E-014
   996.99999999999318       ,    -2.1952973689525431E-014
   997.99999999999329       ,    -2.1968074713087063E-014
   998.99999999999329       ,    -2.1982908053022514E-014
   999.99999999999341       ,    -2.1997475777776063E-014
   1000.9999999999935       ,    -2.2011779939973514E-014
   1001.9999999999935       ,    -2.2025822576128791E-014
   1002.9999999999936       ,    -2.2039605707546005E-014
   1003.9999999999937       ,    -2.2053131341724654E-014
   1004.9999999999937       ,    -2.2066401468006173E-014
   1005.9999999999939       ,    -2.2079418063186139E-014
   1006.9999999999939       ,    -2.2092183088096214E-014
   1007.9999999999940       ,    -2.2104698488313784E-014
   1008.9999999999941       ,    -2.2116966196818885E-014
   1009.9999999999941       ,    -2.2128988129288845E-014
   1010.9999999999942       ,    -2.2140766188898387E-014
   1011.9999999999943       ,    -2.2152302263586469E-014
   1012.9999999999943       ,    -2.2163598226925684E-014
   1013.9999999999944       ,    -2.2174655939377702E-014
   1014.9999999999945       ,    -2.2185477246905942E-014
   1015.9999999999945       ,    -2.2196063980854871E-014
   1016.9999999999947       ,    -2.2206417959744370E-014
   1017.9999999999948       ,    -2.2216540988107439E-014
   1018.9999999999948       ,    -2.2226434856493837E-014
   1019.9999999999949       ,    -2.2236101343313260E-014
   1020.9999999999950       ,    -2.2245542211874620E-014
   1021.9999999999950       ,    -2.2254759214240714E-014
   1022.9999999999951       ,    -2.2263754087223174E-014
   1023.9999999999952       ,    -2.2272528556565364E-014
   1024.9999999999952       ,    -2.2281084333519774E-014
   1025.9999999999955       ,    -2.2289423117960800E-014
   1026.9999999999955       ,    -2.2297546595923483E-014
   1027.9999999999955       ,    -2.2305456441900005E-014
   1028.9999999999957       ,    -2.2313154316329605E-014
   1029.9999999999957       ,    -2.2320641868471007E-014
   1030.9999999999957       ,    -2.2327920735126963E-014
   1031.9999999999959       ,    -2.2334992540269871E-014
   1032.9999999999959       ,    -2.2341858897431484E-014
   1033.9999999999959       ,    -2.2348521406106552E-014
   1034.9999999999959       ,    -2.2354981654344072E-014
   1035.9999999999961       ,    -2.2361241219955460E-014
   1036.9999999999961       ,    -2.2367301666532087E-014
   1037.9999999999961       ,    -2.2373164547732012E-014
   1038.9999999999964       ,    -2.2378831405658796E-014
   1039.9999999999964       ,    -2.2384303770289122E-014
   1040.9999999999964       ,    -2.2389583160748666E-014
   1041.9999999999966       ,    -2.2394671083812834E-014
   1042.9999999999966       ,    -2.2399569037024606E-014
   1043.9999999999966       ,    -2.2404278504834033E-014
   1044.9999999999968       ,    -2.2408800962179099E-014
   1045.9999999999968       ,    -2.2413137871585677E-014
   1046.9999999999968       ,    -2.2417290687211441E-014
   1047.9999999999970       ,    -2.2421260849464363E-014
   1048.9999999999970       ,    -2.2425049789931611E-014
   1049.9999999999970       ,    -2.2428658929071311E-014
   1050.9999999999973       ,    -2.2432089677263288E-014
   1051.9999999999973       ,    -2.2435343433947562E-014
   1052.9999999999973       ,    -2.2438421588915750E-014
   1053.9999999999975       ,    -2.2441325520776963E-014
   1054.9999999999975       ,    -2.2444056598397816E-014
   1055.9999999999975       ,    -2.2446616180882018E-014
   1056.9999999999977       ,    -2.2449005616941811E-014
   1057.9999999999977       ,    -2.2451226245646371E-014
   1058.9999999999977       ,    -2.2453279395298135E-014
   1059.9999999999980       ,    -2.2455166386051468E-014
   1060.9999999999980       ,    -2.2456888526610157E-014
   1061.9999999999980       ,    -2.2458447117831313E-014
   1062.9999999999982       ,    -2.2459843449020706E-014
   1063.9999999999982       ,    -2.2461078801697384E-014
   1064.9999999999982       ,    -2.2462154447292117E-014
   1065.9999999999984       ,    -2.2463071647715286E-014
   1066.9999999999984       ,    -2.2463831655748110E-014
   1067.9999999999984       ,    -2.2464435715863670E-014
   1068.9999999999986       ,    -2.2464885061748034E-014
   1069.9999999999986       ,    -2.2465180918767317E-014
   1070.9999999999986       ,    -2.2465324504107325E-014
   1071.9999999999989       ,    -2.2465317025453457E-014
   1072.9999999999989       ,    -2.2465159681152537E-014
   1073.9999999999989       ,    -2.2464853661312702E-014
   1074.9999999999991       ,    -2.2464400147261420E-014
   1075.9999999999991       ,    -2.2463800312288213E-014
   1076.9999999999991       ,    -2.2463055319519813E-014
   1077.9999999999993       ,    -2.2462166325287619E-014
   1078.9999999999993       ,    -2.2461134476205687E-014
   1079.9999999999993       ,    -2.2459960911582410E-014
   1080.9999999999995       ,    -2.2458646761897391E-014
   1081.9999999999995       ,    -2.2457193149509942E-014
   1082.9999999999995       ,    -2.2455601187583468E-014
   1083.9999999999998       ,    -2.2453871983054582E-014
   1084.9999999999998       ,    -2.2452006633474035E-014
   1085.9999999999998       ,    -2.2450006228590617E-014
   1087.0000000000000       ,    -2.2447871851147993E-014
   1088.0000000000000       ,    -2.2445604574216152E-014
   1089.0000000000000       ,    -2.2443205464651118E-014
   1090.0000000000002       ,    -2.2440675581070085E-014
   1091.0000000000002       ,    -2.2438015973552224E-014
   1092.0000000000002       ,    -2.2435227686517478E-014
   1093.0000000000005       ,    -2.2432311754943726E-014
   1094.0000000000005       ,    -2.2429269206811187E-014
   1095.0000000000005       ,    -2.2426101063004103E-014
   1096.0000000000007       ,    -2.2422808336876448E-014
   1097.0000000000007       ,    -2.2419392034385295E-014
   1098.0000000000007       ,    -2.2415853153713889E-014
   1099.0000000000009       ,    -2.2412192686661134E-014
   1100.0000000000009       ,    -2.2408411617205604E-014
   1101.0000000000009       ,    -2.2404510922614048E-014
   1102.0000000000011       ,    -2.2400491572647786E-014
   1103.0000000000011       ,    -2.2396354530760064E-014
   1104.0000000000011       ,    -2.2392100752555296E-014
   1105.0000000000014       ,    -2.2387731187004853E-014
   1106.0000000000014       ,    -2.2383246776819405E-014
   1107.0000000000014       ,    -2.2378648457314183E-014
   1108.0000000000016       ,    -2.2373937156812640E-014
   1109.0000000000016       ,    -2.2369113797798171E-014
   1110.0000000000016       ,    -2.2364179295542829E-014
   1111.0000000000018       ,    -2.2359134558198532E-014
   1112.0000000000018       ,    -2.2353980488673333E-014
   1113.0000000000018       ,    -2.2348717982143926E-014
   1114.0000000000020       ,    -2.2343347927933226E-014
   1115.0000000000020       ,    -2.2337871209193184E-014
   1116.0000000000020       ,    -2.2332288701357291E-014
   1117.0000000000023       ,    -2.2326601275541444E-014
   1118.0000000000023       ,    -2.2320809795371677E-014
   1119.0000000000023       ,    -2.2314915118285518E-014
   1120.0000000000025       ,    -2.2308918095666463E-014
   1121.0000000000025       ,    -2.2302819572935493E-014
   1122.0000000000025       ,    -2.2296620389760308E-014
   1123.0000000000027       ,    -2.2290321378564987E-014
   1124.0000000000027       ,    -2.2283923367724669E-014
   1125.0000000000027       ,    -2.2277427177624636E-014
   1126.0000000000030       ,    -2.2270833624095091E-014
   1127.0000000000030       ,    -2.2264143516244703E-014
   1128.0000000000030       ,    -2.2257357657818595E-014
   1129.0000000000032       ,    -2.2250476848026072E-014
   1130.0000000000032       ,    -2.2243501877190973E-014
   1131.0000000000032       ,    -2.2236433533404508E-014
   1132.0000000000034       ,    -2.2229272596916840E-014
   1133.0000000000034       ,    -2.2222019842557290E-014
   1134.0000000000034       ,    -2.2214676041546188E-014
   1135.0000000000036       ,    -2.2207241956450690E-014
   1136.0000000000036       ,    -2.2199718347265387E-014
   1137.0000000000036       ,    -2.2192105966661038E-014
   1138.0000000000039       ,    -2.2184405563041566E-014
   1139.0000000000039       ,    -2.2176617878732064E-014
   1140.0000000000039       ,    -2.2168743651254916E-014
   1141.0000000000041       ,    -2.2160783612291000E-014
   1142.0000000000041       ,    -2.2152738488938846E-014
   1143.0000000000041       ,    -2.2144609002451765E-014
   1144.0000000000043       ,    -2.2136395869607663E-014
   1145.0000000000043       ,    -2.2128099801410424E-014
   1146.0000000000043       ,    -2.2119721503876826E-014
   1147.0000000000045       ,    -2.2111261678940115E-014
   1148.0000000000045       ,    -2.2102721022490369E-014
   1149.0000000000045       ,    -2.2094100225065075E-014
   1150.0000000000045       ,    -2.2085399973897080E-014
   1151.0000000000048       ,    -2.2076620949563246E-014
   1152.0000000000048       ,    -2.2067763829088362E-014
   1153.0000000000048       ,    -2.2058829283830136E-014
   1154.0000000000050       ,    -2.2049817981083831E-014
   1155.0000000000050       ,    -2.2040730582555740E-014
   1156.0000000000050       ,    -2.2031567746000395E-014
   1157.0000000000052       ,    -2.2022330123899656E-014
   1158.0000000000052       ,    -2.2013018364533181E-014
   1159.0000000000052       ,    -2.2003633111355467E-014
   1160.0000000000055       ,    -2.1994175002929134E-014
   1161.0000000000055       ,    -2.1984644674220361E-014
   1162.0000000000055       ,    -2.1975042754371150E-014
   1163.0000000000057       ,    -2.1965369869253696E-014
   1164.0000000000057       ,    -2.1955626639434482E-014
   1165.0000000000057       ,    -2.1945813681412124E-014
   1166.0000000000059       ,    -2.1935931607564425E-014
   1167.0000000000059       ,    -2.1925981025454925E-014
   1168.0000000000059       ,    -2.1915962538398881E-014
   1169.0000000000061       ,    -2.1905876745359252E-014
   1170.0000000000061       ,    -2.1895724241806981E-014
   1171.0000000000061       ,    -2.1885505617764419E-014
   1172.0000000000064       ,    -2.1875221459992928E-014
   1173.0000000000064       ,    -2.1864872350905665E-014
   1174.0000000000064       ,    -2.1854458868518892E-014
   1175.0000000000066       ,    -2.1843981586470087E-014
   1176.0000000000066       ,    -2.1833441075240372E-014
   1177.0000000000066       ,    -2.1822837900575568E-014
   1178.0000000000068       ,    -2.1812172624392170E-014
   1179.0000000000068       ,    -2.1801445804540489E-014
   1180.0000000000068       ,    -2.1790657994989291E-014
   1181.0000000000070       ,    -2.1779809745798329E-014
   1182.0000000000070       ,    -2.1768901603036086E-014
   1183.0000000000070       ,    -2.1757934108904072E-014
   1184.0000000000073       ,    -2.1746907802120714E-014
   1185.0000000000073       ,    -2.1735823216572745E-014
   1186.0000000000073       ,    -2.1724680884020105E-014
   1187.0000000000075       ,    -2.1713481330837249E-014
   1188.0000000000075       ,    -2.1702225080646142E-014
   1189.0000000000075       ,    -2.1690912652517039E-014
   1190.0000000000077       ,    -2.1679544562876050E-014
   1191.0000000000077       ,    -2.1668121323686112E-014
   1192.0000000000077       ,    -2.1656643444030654E-014
   1193.0000000000080       ,    -2.1645111428316778E-014
   1194.0000000000080       ,    -2.1633525778434882E-014
   1195.0000000000080       ,    -2.1621886992042802E-014
   1196.0000000000082       ,    -2.1610195563319011E-014
   1197.0000000000082       ,    -2.1598451983805063E-014
   1198.0000000000082       ,    -2.1586656740316673E-014
   1199.0000000000084       ,    -2.1574810316886812E-014
   1200.0000000000084       ,    -2.1562913193991749E-014
   1201.0000000000084       ,    -2.1550965848993014E-014
   1202.0000000000086       ,    -2.1538968755622098E-014
   1203.0000000000086       ,    -2.1526922384069127E-014
   1204.0000000000086       ,    -2.1514827201421710E-014
   1205.0000000000089       ,    -2.1502683671665116E-014
   1206.0000000000089       ,    -2.1490492254948335E-014
   1207.0000000000089       ,    -2.1478253408698933E-014
   1208.0000000000091       ,    -2.1465967586979793E-014
   1209.0000000000091       ,    -2.1453635240113222E-014
   1210.0000000000091       ,    -2.1441256816321190E-014
   1211.0000000000093       ,    -2.1428832759635198E-014
   1212.0000000000093       ,    -2.1416363511435164E-014
   1213.0000000000093       ,    -2.1403849509686540E-014
   1214.0000000000095       ,    -2.1391291189882271E-014
   1215.0000000000095       ,    -2.1378688983341314E-014
   1216.0000000000095       ,    -2.1366043319818985E-014
   1217.0000000000098       ,    -2.1353354624880607E-014
   1218.0000000000098       ,    -2.1340623321105120E-014
   1219.0000000000098       ,    -2.1327849828580195E-014
   1220.0000000000100       ,    -2.1315034564445760E-014
   1221.0000000000100       ,    -2.1302177942283731E-014
   1222.0000000000100       ,    -2.1289280373637616E-014
   1223.0000000000102       ,    -2.1276342266206717E-014
   1224.0000000000102       ,    -2.1263364025784634E-014
   1225.0000000000102       ,    -2.1250346054261285E-014
   1226.0000000000105       ,    -2.1237288751312573E-014
   1227.0000000000105       ,    -2.1224192513947325E-014
   1228.0000000000105       ,    -2.1211057735895498E-014
   1229.0000000000107       ,    -2.1197884808495221E-014
   1230.0000000000107       ,    -2.1184674119721064E-014
   1231.0000000000107       ,    -2.1171426055782515E-014
   1232.0000000000109       ,    -2.1158140998972832E-014
   1233.0000000000109       ,    -2.1144819330078199E-014
   1234.0000000000109       ,    -2.1131461426368691E-014
   1235.0000000000111       ,    -2.1118067662407256E-014
   1236.0000000000111       ,    -2.1104638411069625E-014
   1237.0000000000111       ,    -2.1091174041271554E-014
   1238.0000000000114       ,    -2.1077674920326972E-014
   1239.0000000000114       ,    -2.1064141412731337E-014
   1240.0000000000114       ,    -2.1050573879790352E-014
   1241.0000000000116       ,    -2.1036972681525717E-014
   1242.0000000000116       ,    -2.1023338173744384E-014
   1243.0000000000116       ,    -2.1009670711185271E-014
   1244.0000000000118       ,    -2.0995970645507437E-014
   1245.0000000000118       ,    -2.0982238325520061E-014
   1246.0000000000118       ,    -2.0968474098389794E-014
   1247.0000000000121       ,    -2.0954678307945948E-014
   1248.0000000000121       ,    -2.0940851296580873E-014
   1249.0000000000121       ,    -2.0926993403129778E-014
   1250.0000000000123       ,    -2.0913104965004435E-014
   1251.0000000000123       ,    -2.0899186317100497E-014
   1252.0000000000123       ,    -2.0885237790988645E-014
   1253.0000000000125       ,    -2.0871259717035190E-014
   1254.0000000000125       ,    -2.0857252422693425E-014
   1255.0000000000125       ,    -2.0843216233108616E-014
   1256.0000000000127       ,    -2.0829151471739982E-014
   1257.0000000000127       ,    -2.0815058458936281E-014
   1258.0000000000127       ,    -2.0800937512767653E-014
   1259.0000000000130       ,    -2.0786788949748566E-014
   1260.0000000000130       ,    -2.0772613083910717E-014
   1261.0000000000130       ,    -2.0758410226936022E-014
   1262.0000000000132       ,    -2.0744180688205028E-014
   1263.0000000000132       ,    -2.0729924775116176E-014
   1264.0000000000132       ,    -2.0715642792528542E-014
   1265.0000000000132       ,    -2.0701335043824602E-014
   1266.0000000000134       ,    -2.0687001829590717E-014
   1267.0000000000134       ,    -2.0672643448417953E-014
   1268.0000000000134       ,    -2.0658260197134291E-014
   1269.0000000000136       ,    -2.0643852370007434E-014
   1270.0000000000136       ,    -2.0629420259765642E-014
   1271.0000000000136       ,    -2.0614964156459229E-014
   1272.0000000000139       ,    -2.0600484348111585E-014
   1273.0000000000139       ,    -2.0585981121426041E-014
   1274.0000000000139       ,    -2.0571454760410354E-014
   1275.0000000000141       ,    -2.0556905547186884E-014
   1276.0000000000141       ,    -2.0542333761743862E-014
   1277.0000000000141       ,    -2.0527739682742123E-014
   1278.0000000000143       ,    -2.0513123586294695E-014
   1279.0000000000143       ,    -2.0498485746138214E-014
   1280.0000000000143       ,    -2.0483826435152188E-014
   1281.0000000000146       ,    -2.0469145923669701E-014
   1282.0000000000146       ,    -2.0454444479721338E-014
   1283.0000000000146       ,    -2.0439722370100567E-014
   1284.0000000000148       ,    -2.0424979859678917E-014
   1285.0000000000148       ,    -2.0410217210855386E-014
   1286.0000000000148       ,    -2.0395434684840007E-014
   1287.0000000000150       ,    -2.0380632540915893E-014
   1288.0000000000150       ,    -2.0365811035537401E-014
   1289.0000000000150       ,    -2.0350970424741646E-014
   1290.0000000000152       ,    -2.0336110961613809E-014
   1291.0000000000152       ,    -2.0321232898415751E-014
   1292.0000000000152       ,    -2.0306336484946869E-014
   1293.0000000000155       ,    -2.0291421969367071E-014
   1294.0000000000155       ,    -2.0276489598125961E-014
   1295.0000000000155       ,    -2.0261539615566861E-014
   1296.0000000000157       ,    -2.0246572265523665E-014
   1297.0000000000157       ,    -2.0231587788164149E-014
   1298.0000000000157       ,    -2.0216586423613813E-014
   1299.0000000000159       ,    -2.0201568409648914E-014
   1300.0000000000159       ,    -2.0186533982237165E-014
   1301.0000000000159       ,    -2.0171483375463222E-014
   1302.0000000000161       ,    -2.0156416822638898E-014
   1303.0000000000161       ,    -2.0141334554423406E-014
   1304.0000000000161       ,    -2.0126236800574699E-014
   1305.0000000000164       ,    -2.0111123788362959E-014
   1306.0000000000164       ,    -2.0095995744483323E-014
   1307.0000000000164       ,    -2.0080852893111584E-014
   1308.0000000000166       ,    -2.0065695457835011E-014
   1309.0000000000166       ,    -2.0050523659144573E-014
   1310.0000000000166       ,    -2.0035337717303796E-014
   1311.0000000000168       ,    -2.0020137850376294E-014
   1312.0000000000168       ,    -2.0004924275227512E-014
   1313.0000000000168       ,    -1.9989697206621998E-014
   1314.0000000000171       ,    -1.9974456858228744E-014
   1315.0000000000171       ,    -1.9959203442079102E-014
   1316.0000000000171       ,    -1.9943937168569244E-014
   1317.0000000000173       ,    -1.9928658247139161E-014
   1318.0000000000173       ,    -1.9913366884734980E-014
   1319.0000000000173       ,    -1.9898063287626279E-014
   1320.0000000000175       ,    -1.9882747660512132E-014
   1321.0000000000175       ,    -1.9867420205918866E-014
   1322.0000000000175       ,    -1.9852081126057943E-014
   1323.0000000000177       ,    -1.9836730620760060E-014
   1324.0000000000177       ,    -1.9821368889002661E-014
   1325.0000000000177       ,    -1.9805996127751175E-014
   1326.0000000000180       ,    -1.9790612533015072E-014
   1327.0000000000180       ,    -1.9775218299310742E-014
   1328.0000000000180       ,    -1.9759813619722530E-014
   1329.0000000000182       ,    -1.9744398686169362E-014
   1330.0000000000182       ,    -1.9728973688397731E-014
   1331.0000000000182       ,    -1.9713538815813101E-014
   1332.0000000000184       ,    -1.9698094255956441E-014
   1333.0000000000184       ,    -1.9682640194701807E-014
   1334.0000000000184       ,    -1.9667176817141118E-014
   1335.0000000000186       ,    -1.9651704307000405E-014
   1336.0000000000186       ,    -1.9636222846117525E-014
   1337.0000000000186       ,    -1.9620732615946012E-014
   1338.0000000000189       ,    -1.9605233795556240E-014
   1339.0000000000189       ,    -1.9589726563433192E-014
   1340.0000000000189       ,    -1.9574211096848363E-014
   1341.0000000000191       ,    -1.9558687571164815E-014
   1342.0000000000191       ,    -1.9543156160847155E-014
   1343.0000000000191       ,    -1.9527617039494498E-014
   1344.0000000000193       ,    -1.9512070378723383E-014
   1345.0000000000193       ,    -1.9496516349423377E-014
   1346.0000000000193       ,    -1.9480955120644437E-014
   1347.0000000000196       ,    -1.9465386861281803E-014
   1348.0000000000196       ,    -1.9449811738024384E-014
   1349.0000000000196       ,    -1.9434229916427663E-014
   1350.0000000000198       ,    -1.9418641561424758E-014
   1351.0000000000198       ,    -1.9403046836254503E-014
   1352.0000000000198       ,    -1.9387445903196798E-014
   1353.0000000000200       ,    -1.9371838923275042E-014
   1354.0000000000200       ,    -1.9356226056503204E-014
   1355.0000000000200       ,    -1.9340607461320601E-014
   1356.0000000000202       ,    -1.9324983295440354E-014
   1357.0000000000202       ,    -1.9309353715211950E-014
   1358.0000000000202       ,    -1.9293718875701641E-014
   1359.0000000000205       ,    -1.9278078931476288E-014
   1360.0000000000205       ,    -1.9262434035250693E-014
   1361.0000000000205       ,    -1.9246784338851218E-014
   1362.0000000000207       ,    -1.9231129993220942E-014
   1363.0000000000207       ,    -1.9215471147608649E-014
   1364.0000000000207       ,    -1.9199807951078955E-014
   1365.0000000000209       ,    -1.9184140551051698E-014
   1366.0000000000209       ,    -1.9168469093779658E-014
   1367.0000000000209       ,    -1.9152793724687564E-014
   1368.0000000000211       ,    -1.9137114587773789E-014
   1369.0000000000211       ,    -1.9121431826459959E-014
   1370.0000000000211       ,    -1.9105745582968044E-014
   1371.0000000000214       ,    -1.9090055998422464E-014
   1372.0000000000214       ,    -1.9074363212697042E-014
   1373.0000000000214       ,    -1.9058667364795779E-014
   1374.0000000000216       ,    -1.9042968593025686E-014
   1375.0000000000216       ,    -1.9027267034371877E-014
   1376.0000000000216       ,    -1.9011562824197162E-014
   1377.0000000000216       ,    -1.8995856098443365E-014
   1378.0000000000218       ,    -1.8980146990325167E-014
   1379.0000000000218       ,    -1.8964435633271233E-014
   1380.0000000000218       ,    -1.8948722159356656E-014
   1381.0000000000221       ,    -1.8933006699187952E-014
   1382.0000000000221       ,    -1.8917289383033282E-014
   1383.0000000000221       ,    -1.8901570340145559E-014
   1384.0000000000223       ,    -1.8885849698550738E-014
   1385.0000000000223       ,    -1.8870127585275698E-014
   1386.0000000000223       ,    -1.8854404126908944E-014
   1387.0000000000225       ,    -1.8838679448884277E-014
   1388.0000000000225       ,    -1.8822953674899298E-014
   1389.0000000000225       ,    -1.8807226928912659E-014
   1390.0000000000227       ,    -1.8791499333502335E-014
   1391.0000000000227       ,    -1.8775771010061136E-014
   1392.0000000000227       ,    -1.8760042079377528E-014
   1393.0000000000230       ,    -1.8744312661230949E-014
   1394.0000000000230       ,    -1.8728582874738407E-014
   1395.0000000000230       ,    -1.8712852838023286E-014
   1396.0000000000232       ,    -1.8697122667376010E-014
   1397.0000000000232       ,    -1.8681392480135738E-014
   1398.0000000000232       ,    -1.8665662391402936E-014
   1399.0000000000234       ,    -1.8649932515325934E-014
   1400.0000000000234       ,    -1.8634202965848661E-014
   1401.0000000000234       ,    -1.8618473855703845E-014
   1402.0000000000236       ,    -1.8602745296964080E-014
   1403.0000000000236       ,    -1.8587017400856305E-014
   1404.0000000000236       ,    -1.8571290277458351E-014
   1405.0000000000239       ,    -1.8555564036142236E-014
   1406.0000000000239       ,    -1.8539838785993348E-014
   1407.0000000000239       ,    -1.8524114634549836E-014
   1408.0000000000241       ,    -1.8508391688654231E-014
   1409.0000000000241       ,    -1.8492670054669690E-014
   1410.0000000000241       ,    -1.8476949838041985E-014
   1411.0000000000243       ,    -1.8461231143265155E-014
   1412.0000000000243       ,    -1.8445514074207646E-014
   1413.0000000000243       ,    -1.8429798733477602E-014
   1414.0000000000246       ,    -1.8414085224210470E-014
   1415.0000000000246       ,    -1.8398373646876332E-014
   1416.0000000000246       ,    -1.8382664102702331E-014
   1417.0000000000248       ,    -1.8366956691290275E-014
   1418.0000000000248       ,    -1.8351251512156111E-014
   1419.0000000000248       ,    -1.8335548663258195E-014
   1420.0000000000250       ,    -1.8319848242550864E-014
   1421.0000000000250       ,    -1.8304150346651147E-014
   1422.0000000000250       ,    -1.8288455072110136E-014
   1423.0000000000252       ,    -1.8272762513758165E-014
   1424.0000000000252       ,    -1.8257072766799015E-014
   1425.0000000000252       ,    -1.8241385925032052E-014
   1426.0000000000255       ,    -1.8225702081555314E-014
   1427.0000000000255       ,    -1.8210021328807495E-014
   1428.0000000000255       ,    -1.8194343758789275E-014
   1429.0000000000257       ,    -1.8178669462649482E-014
   1430.0000000000257       ,    -1.8162998530536226E-014
   1431.0000000000257       ,    -1.8147331052120161E-014
   1432.0000000000259       ,    -1.8131667116449587E-014
   1433.0000000000259       ,    -1.8116006812123873E-014
   1434.0000000000259       ,    -1.8100350226340343E-014
   1435.0000000000261       ,    -1.8084697446139550E-014
   1436.0000000000261       ,    -1.8069048557796349E-014
   1437.0000000000261       ,    -1.8053403647029557E-014
   1438.0000000000264       ,    -1.8037762798504929E-014
   1439.0000000000264       ,    -1.8022126096777810E-014
   1440.0000000000264       ,    -1.8006493625217757E-014
   1441.0000000000266       ,    -1.7990865467009773E-014
   1442.0000000000266       ,    -1.7975241704111405E-014
   1443.0000000000266       ,    -1.7959622418353785E-014
   1444.0000000000268       ,    -1.7944007690642398E-014
   1445.0000000000268       ,    -1.7928397601356706E-014
   1446.0000000000268       ,    -1.7912792230431999E-014
   1447.0000000000271       ,    -1.7897191656900956E-014
   1448.0000000000271       ,    -1.7881595959071929E-014
   1449.0000000000271       ,    -1.7866005214942206E-014
   1450.0000000000273       ,    -1.7850419501709526E-014
   1451.0000000000273       ,    -1.7834838896044776E-014
   1452.0000000000273       ,    -1.7819263473948298E-014
   1453.0000000000275       ,    -1.7803693311078612E-014
   1454.0000000000275       ,    -1.7788128481773904E-014
   1455.0000000000275       ,    -1.7772569060583439E-014
   1456.0000000000277       ,    -1.7757015121145820E-014
   1457.0000000000277       ,    -1.7741466736435068E-014
   1458.0000000000277       ,    -1.7725923978946573E-014
   1459.0000000000280       ,    -1.7710386920635094E-014
   1460.0000000000280       ,    -1.7694855632554559E-014
   1461.0000000000280       ,    -1.7679330185744805E-014
   1462.0000000000282       ,    -1.7663810650251054E-014
   1463.0000000000282       ,    -1.7648297095529522E-014
   1464.0000000000282       ,    -1.7632789590933173E-014
   1465.0000000000284       ,    -1.7617288204565893E-014
   1466.0000000000284       ,    -1.7601793004576947E-014
   1467.0000000000284       ,    -1.7586304058580268E-014
   1468.0000000000286       ,    -1.7570821432829508E-014
   1469.0000000000286       ,    -1.7555345194059873E-014
   1470.0000000000286       ,    -1.7539875407777447E-014
   1471.0000000000289       ,    -1.7524412139485756E-014
   1472.0000000000289       ,    -1.7508955453479703E-014
   1473.0000000000289       ,    -1.7493505414252031E-014
   1474.0000000000291       ,    -1.7478062085326771E-014
   1475.0000000000291       ,    -1.7462625529703503E-014
   1476.0000000000291       ,    -1.7447195810099061E-014
   1477.0000000000293       ,    -1.7431772988365621E-014
   1478.0000000000293       ,    -1.7416357126424565E-014
   1479.0000000000293       ,    -1.7400948284846626E-014
   1480.0000000000296       ,    -1.7385546524694416E-014
   1481.0000000000296       ,    -1.7370151905837022E-014
   1482.0000000000296       ,    -1.7354764487582200E-014
   1483.0000000000298       ,    -1.7339384329031324E-014
   1484.0000000000298       ,    -1.7324011489084995E-014
   1485.0000000000298       ,    -1.7308646025536291E-014
   1486.0000000000300       ,    -1.7293287996034964E-014
   1487.0000000000300       ,    -1.7277937457653895E-014
   1488.0000000000300       ,    -1.7262594467034844E-014
   1489.0000000000302       ,    -1.7247259080449705E-014
   1490.0000000000302       ,    -1.7231931353475204E-014
   1491.0000000000302       ,    -1.7216611341165320E-014
   1492.0000000000302       ,    -1.7201299098516091E-014
   1493.0000000000305       ,    -1.7185994679634968E-014
   1494.0000000000305       ,    -1.7170698138510651E-014
   1495.0000000000305       ,    -1.7155409528350568E-014
   1496.0000000000307       ,    -1.7140128902017990E-014
   1497.0000000000307       ,    -1.7124856312226871E-014
   1498.0000000000307       ,    -1.7109591810734873E-014
   1499.0000000000309       ,    -1.7094335449191307E-014
   1500.0000000000309       ,    -1.7079087278739370E-014
