   1.0000000000000000       ,     1.8367399148506168E-006
   2.0000000000000000       ,     3.2496788147237399E-007
   3.0000000000000004       ,     1.0832050803819208E-007
   4.0000000000000000       ,     4.9153248920593957E-008
   5.0000000000000000       ,     2.7296803853641700E-008
   6.0000000000000000       ,     1.7491667878246404E-008
   7.0000000000000000       ,     1.2394880371525468E-008
   8.0000000000000000       ,     9.4070145965868683E-009
   9.0000000000000018       ,     7.4731458096077279E-009
   10.000000000000002       ,     6.1182255022921552E-009
   11.000000000000002       ,     5.1092549133617642E-009
   12.000000000000004       ,     4.3230975892290262E-009
   13.000000000000004       ,     3.6900870514853776E-009
   14.000000000000005       ,     3.1682194385885764E-009
   15.000000000000005       ,     2.7306221615263351E-009
   16.000000000000004       ,     2.3591452340700857E-009
   17.000000000000004       ,     2.0409261606804824E-009
   18.000000000000004       ,     1.7664659926570434E-009
   19.000000000000000       ,     1.5285054152192670E-009
   20.000000000000000       ,     1.3213407229409094E-009
   21.000000000000000       ,     1.1403905126720858E-009
   22.000000000000000       ,     9.8191033835477254E-010
   22.999999999999996       ,     8.4279772471376772E-010
   23.999999999999996       ,     7.2045425898175078E-010
   24.999999999999996       ,     6.1268495703603099E-010
   25.999999999999993       ,     5.1762277229234718E-010
   26.999999999999993       ,     4.3367059682198811E-010
   27.999999999999993       ,     3.5945578976811592E-010
   28.999999999999993       ,     2.9379391754895969E-010
   29.999999999999989       ,     2.3565943032860446E-010
   30.999999999999993       ,     1.8416167048828048E-010
   31.999999999999996       ,     1.3852505397449568E-010
   33.000000000000000       ,     9.8072567453028758E-011
   34.000000000000000       ,     6.2211934378941057E-011
   35.000000000000000       ,     3.0423952666487159E-011
   36.000000000000007       ,     2.2526155470417889E-012
   37.000000000000007       ,    -2.2703292060636776E-011
   38.000000000000007       ,    -4.4797368239276677E-011
   39.000000000000014       ,    -6.4341739447294242E-011
   40.000000000000014       ,    -8.1612339655821867E-011
   41.000000000000014       ,    -9.6853457315750523E-011
   42.000000000000021       ,    -1.1028166131591442E-010
   43.000000000000021       ,    -1.2208919832808904E-010
   44.000000000000021       ,    -1.3244693896163388E-010
   45.000000000000028       ,    -1.4150693766803088E-010
   46.000000000000028       ,    -1.4940466124733095E-010
   47.000000000000028       ,    -1.5626093229147674E-010
   48.000000000000036       ,    -1.6218362692990069E-010
   49.000000000000036       ,    -1.6726916036747784E-010
   50.000000000000036       ,    -1.7160378878025168E-010
   51.000000000000043       ,    -1.7526475199472065E-010
   52.000000000000043       ,    -1.7832127790386387E-010
   53.000000000000043       ,    -1.8083546659335185E-010
   54.000000000000050       ,    -1.8286306965578314E-010
   55.000000000000050       ,    -1.8445417803999153E-010
   56.000000000000050       ,    -1.8565382994592529E-010
   57.000000000000057       ,    -1.8650254875075923E-010
   58.000000000000057       ,    -1.8703681959128415E-010
   59.000000000000057       ,    -1.8728951210879998E-010
   60.000000000000064       ,    -1.8729025587018985E-010
   61.000000000000057       ,    -1.8706577414611128E-010
   62.000000000000050       ,    -1.8664018098417431E-010
   63.000000000000050       ,    -1.8603524590592888E-010
   64.000000000000043       ,    -1.8527062999944055E-010
   65.000000000000043       ,    -1.8436409671416529E-010
   66.000000000000028       ,    -1.8333170025596466E-010
   67.000000000000028       ,    -1.8218795412843449E-010
   68.000000000000028       ,    -1.8094598205002000E-010
   69.000000000000028       ,    -1.7961765322262520E-010
   70.000000000000014       ,    -1.7821370367487812E-010
   71.000000000000014       ,    -1.7674384521445055E-010
   72.000000000000014       ,    -1.7521686333753813E-010
   73.000000000000000       ,    -1.7364070528349847E-010
   74.000000000000000       ,    -1.7202255929761462E-010
   75.000000000000000       ,    -1.7036892603107337E-010
   75.999999999999986       ,    -1.6868568290784092E-010
   76.999999999999986       ,    -1.6697814219672537E-010
   77.999999999999986       ,    -1.6525110344020290E-010
   78.999999999999986       ,    -1.6350890082283659E-010
   79.999999999999972       ,    -1.6175544599578318E-010
   80.999999999999972       ,    -1.5999426682112294E-010
   81.999999999999972       ,    -1.5822854244534681E-010
   82.999999999999957       ,    -1.5646113506996336E-010
   83.999999999999957       ,    -1.5469461874836320E-010
   84.999999999999957       ,    -1.5293130550275904E-010
   85.999999999999943       ,    -1.5117326902341019E-010
   86.999999999999943       ,    -1.4942236618458152E-010
   87.999999999999943       ,    -1.4768025659175795E-010
   88.999999999999943       ,    -1.4594842034631479E-010
   89.999999999999929       ,    -1.4422817419919579E-010
   90.999999999999929       ,    -1.4252068624750990E-010
   91.999999999999929       ,    -1.4082698930900814E-010
   92.999999999999915       ,    -1.3914799310328560E-010
   93.999999999999915       ,    -1.3748449534335920E-010
   94.999999999999915       ,    -1.3583719184677505E-010
   95.999999999999901       ,    -1.3420668575177691E-010
   96.999999999999901       ,    -1.3259349592107772E-010
   97.999999999999901       ,    -1.3099806460953800E-010
   98.999999999999901       ,    -1.2942076445994657E-010
   99.999999999999886       ,    -1.2786190488895118E-010
   100.99999999999989       ,    -1.2632173791718182E-010
   101.99999999999989       ,    -1.2480046349401381E-010
   102.99999999999987       ,    -1.2329823436137164E-010
   103.99999999999987       ,    -1.2181516049696391E-010
   104.99999999999987       ,    -1.2035131317450187E-010
   105.99999999999986       ,    -1.1890672867519132E-010
   106.99999999999986       ,    -1.1748141167857189E-010
   107.99999999999986       ,    -1.1607533836346390E-010
   108.99999999999986       ,    -1.1468845924226581E-010
   109.99999999999984       ,    -1.1332070175165631E-010
   110.99999999999984       ,    -1.1197197262174049E-010
   111.99999999999984       ,    -1.1064216004149188E-010
   112.99999999999983       ,    -1.0933113563794873E-010
   113.99999999999983       ,    -1.0803875628612974E-010
   114.99999999999983       ,    -1.0676486576243386E-010
   115.99999999999982       ,    -1.0550929625529361E-010
   116.99999999999982       ,    -1.0427186974622881E-010
   117.99999999999982       ,    -1.0305239927031211E-010
   118.99999999999982       ,    -1.0185069006717765E-010
   119.99999999999980       ,    -1.0066654063201376E-010
   120.99999999999980       ,    -9.9499743674230529E-011
   121.99999999999980       ,    -9.8350086991337422E-011
   122.99999999999979       ,    -9.7217354265960525E-011
   123.99999999999979       ,    -9.6101325791551622E-011
   124.99999999999979       ,    -9.5001779133045055E-011
   125.99999999999977       ,    -9.3918489727825504E-011
   126.99999999999977       ,    -9.2851231431610773E-011
   127.99999999999977       ,    -9.1799777014484607E-011
   128.99999999999977       ,    -9.0763898610510933E-011
   129.99999999999977       ,    -8.9743368125033944E-011
   130.99999999999974       ,    -8.8737957603412255E-011
   131.99999999999974       ,    -8.7747439563343106E-011
   132.99999999999974       ,    -8.6771587295791935E-011
   133.99999999999974       ,    -8.5810175134727058E-011
   134.99999999999974       ,    -8.4862978699651429E-011
   135.99999999999974       ,    -8.3929775113481484E-011
   136.99999999999974       ,    -8.3010343196826842E-011
   137.99999999999972       ,    -8.2104463640517618E-011
   138.99999999999972       ,    -8.1211919159963909E-011
   139.99999999999972       ,    -8.0332494630618873E-011
   140.99999999999972       ,    -7.9465977207648411E-011
   141.99999999999972       ,    -7.8612156430440884E-011
   142.99999999999972       ,    -7.7770824313499259E-011
   143.99999999999969       ,    -7.6941775424925981E-011
   144.99999999999969       ,    -7.6124806953269007E-011
   145.99999999999969       ,    -7.5319718764238382E-011
   146.99999999999969       ,    -7.4526313447221258E-011
   147.99999999999969       ,    -7.3744396354095754E-011
   148.99999999999969       ,    -7.2973775629076720E-011
   149.99999999999969       ,    -7.2214262231889364E-011
   150.99999999999966       ,    -7.1465669954438434E-011
   151.99999999999966       ,    -7.0727815430854687E-011
   152.99999999999966       ,    -7.0000518142994498E-011
   153.99999999999966       ,    -6.9283600420296546E-011
   154.99999999999966       ,    -6.8576887435395178E-011
   155.99999999999966       ,    -6.7880207195853039E-011
   156.99999999999966       ,    -6.7193390532089818E-011
   157.99999999999963       ,    -6.6516271081804252E-011
   158.99999999999963       ,    -6.5848685272244314E-011
   159.99999999999963       ,    -6.5190472298727306E-011
   160.99999999999963       ,    -6.4541474101809728E-011
   161.99999999999963       ,    -6.3901535341552124E-011
   162.99999999999963       ,    -6.3270503370664497E-011
   163.99999999999960       ,    -6.2648228205326710E-011
   164.99999999999960       ,    -6.2034562494968323E-011
   165.99999999999960       ,    -6.1429361490921574E-011
   166.99999999999960       ,    -6.0832483013321644E-011
   167.99999999999960       ,    -6.0243787417879327E-011
   168.99999999999960       ,    -5.9663137561363873E-011
   169.99999999999960       ,    -5.9090398766487977E-011
   170.99999999999957       ,    -5.8525438786407052E-011
   171.99999999999957       ,    -5.7968127768510087E-011
   172.99999999999957       ,    -5.7418338218288231E-011
   173.99999999999957       ,    -5.6875944962517816E-011
   174.99999999999957       ,    -5.6340825112323780E-011
   175.99999999999957       ,    -5.5812858026674482E-011
   176.99999999999957       ,    -5.5291925275116288E-011
   177.99999999999955       ,    -5.4777910601024947E-011
   178.99999999999955       ,    -5.4270699884740350E-011
   179.99999999999955       ,    -5.3770181107029371E-011
   180.99999999999955       ,    -5.3276244312480374E-011
   181.99999999999955       ,    -5.2788781573321862E-011
   182.99999999999955       ,    -5.2307686953500844E-011
   183.99999999999952       ,    -5.1832856472893803E-011
   184.99999999999952       ,    -5.1364188071982380E-011
   185.99999999999952       ,    -5.0901581576974111E-011
   186.99999999999952       ,    -5.0444938664995539E-011
   187.99999999999952       ,    -4.9994162829930715E-011
   188.99999999999952       ,    -4.9549159348706206E-011
   189.99999999999952       ,    -4.9109835247811686E-011
   190.99999999999949       ,    -4.8676099270357137E-011
   191.99999999999949       ,    -4.8247861843540792E-011
   192.99999999999949       ,    -4.7825035046770661E-011
   193.99999999999949       ,    -4.7407532580010261E-011
   194.99999999999949       ,    -4.6995269732708084E-011
   195.99999999999949       ,    -4.6588163353203934E-011
   196.99999999999949       ,    -4.6186131818696357E-011
   197.99999999999946       ,    -4.5789095005549450E-011
   198.99999999999946       ,    -4.5396974260176515E-011
   199.99999999999946       ,    -4.5009692370492921E-011
   200.99999999999946       ,    -4.4627173537700158E-011
   201.99999999999946       ,    -4.4249343348606801E-011
   202.99999999999946       ,    -4.3876128748612376E-011
   203.99999999999943       ,    -4.3507458014881367E-011
   204.99999999999943       ,    -4.3143260730266969E-011
   205.99999999999943       ,    -4.2783467757563061E-011
   206.99999999999943       ,    -4.2428011214260456E-011
   207.99999999999943       ,    -4.2076824447820830E-011
   208.99999999999943       ,    -4.1729842011384733E-011
   209.99999999999943       ,    -4.1386999639970607E-011
   210.99999999999940       ,    -4.1048234226997978E-011
   211.99999999999940       ,    -4.0713483801567929E-011
   212.99999999999940       ,    -4.0382687505800492E-011
   213.99999999999940       ,    -4.0055785572916871E-011
   214.99999999999940       ,    -3.9732719305577935E-011
   215.99999999999940       ,    -3.9413431054821569E-011
   216.99999999999937       ,    -3.9097864199235460E-011
   217.99999999999937       ,    -3.8785963124637034E-011
   218.99999999999937       ,    -3.8477673204164835E-011
   219.99999999999937       ,    -3.8172940778720262E-011
   220.99999999999937       ,    -3.7871713138000003E-011
   221.99999999999937       ,    -3.7573938501490923E-011
   222.99999999999937       ,    -3.7279566000388744E-011
   223.99999999999935       ,    -3.6988545659441710E-011
   224.99999999999935       ,    -3.6700828379453312E-011
   225.99999999999935       ,    -3.6416365919907460E-011
   226.99999999999935       ,    -3.6135110882207419E-011
   227.99999999999935       ,    -3.5857016693068420E-011
   228.99999999999935       ,    -3.5582037588336645E-011
   229.99999999999935       ,    -3.5310128597063646E-011
   230.99999999999932       ,    -3.5041245526067150E-011
   231.99999999999932       ,    -3.4775344944619802E-011
   232.99999999999932       ,    -3.4512384169644719E-011
   233.99999999999932       ,    -3.4252321251051655E-011
   234.99999999999932       ,    -3.3995114957471048E-011
   235.99999999999932       ,    -3.3740724762283352E-011
   236.99999999999929       ,    -3.3489110829926525E-011
   237.99999999999929       ,    -3.3240234002469650E-011
   238.99999999999932       ,    -3.2994055786491742E-011
   239.99999999999935       ,    -3.2750538340216133E-011
   240.99999999999937       ,    -3.2509644460965383E-011
   241.99999999999937       ,    -3.2271337572752954E-011
   242.99999999999940       ,    -3.2035581714281938E-011
   243.99999999999943       ,    -3.1802341527195049E-011
   244.99999999999946       ,    -3.1571582244323810E-011
   245.99999999999949       ,    -3.1343269678544527E-011
   246.99999999999949       ,    -3.1117370211581865E-011
   247.99999999999952       ,    -3.0893850783189967E-011
   248.99999999999955       ,    -3.0672678880504472E-011
   249.99999999999957       ,    -3.0453822527681614E-011
   250.99999999999957       ,    -3.0237250275616812E-011
   251.99999999999960       ,    -3.0022931192088996E-011
   252.99999999999963       ,    -2.9810834851789457E-011
   253.99999999999966       ,    -2.9600931326989816E-011
   254.99999999999969       ,    -2.9393191178047656E-011
   255.99999999999969       ,    -2.9187585444182760E-011
   256.99999999999972       ,    -2.8984085634556507E-011
   257.99999999999972       ,    -2.8782663719509413E-011
   258.99999999999977       ,    -2.8583292121866917E-011
   259.99999999999977       ,    -2.8385943708533369E-011
   260.99999999999983       ,    -2.8190591782218584E-011
   261.99999999999983       ,    -2.7997210073349710E-011
   262.99999999999983       ,    -2.7805772732164577E-011
   263.99999999999989       ,    -2.7616254320895371E-011
   264.99999999999989       ,    -2.7428629806193786E-011
   265.99999999999994       ,    -2.7242874551682299E-011
   266.99999999999994       ,    -2.7058964310660964E-011
   267.99999999999994       ,    -2.6876875218945607E-011
   269.00000000000000       ,    -2.6696583787908795E-011
   270.00000000000000       ,    -2.6518066897528492E-011
   271.00000000000006       ,    -2.6341301789769267E-011
   272.00000000000006       ,    -2.6166266061944343E-011
   273.00000000000006       ,    -2.5992937660296492E-011
   274.00000000000011       ,    -2.5821294873651485E-011
   275.00000000000011       ,    -2.5651316327260164E-011
   276.00000000000011       ,    -2.5482980976711758E-011
   277.00000000000017       ,    -2.5316268102010780E-011
   278.00000000000017       ,    -2.5151157301711454E-011
   279.00000000000023       ,    -2.4987628487300752E-011
   280.00000000000023       ,    -2.4825661877511909E-011
   281.00000000000023       ,    -2.4665237992908469E-011
   282.00000000000028       ,    -2.4506337650486549E-011
   283.00000000000028       ,    -2.4348941958442335E-011
   284.00000000000034       ,    -2.4193032310961169E-011
   285.00000000000034       ,    -2.4038590383242376E-011
   286.00000000000034       ,    -2.3885598126510809E-011
   287.00000000000040       ,    -2.3734037763109408E-011
   288.00000000000040       ,    -2.3583891781847090E-011
   289.00000000000045       ,    -2.3435142933226271E-011
   290.00000000000045       ,    -2.3287774224970129E-011
   291.00000000000045       ,    -2.3141768917461063E-011
   292.00000000000051       ,    -2.2997110519391360E-011
   293.00000000000051       ,    -2.2853782783446694E-011
   294.00000000000057       ,    -2.2711769702080452E-011
   295.00000000000057       ,    -2.2571055503360057E-011
   296.00000000000057       ,    -2.2431624646942588E-011
   297.00000000000063       ,    -2.2293461820065527E-011
   298.00000000000063       ,    -2.2156551933651065E-011
   299.00000000000063       ,    -2.2020880118474775E-011
   300.00000000000068       ,    -2.1886431721432935E-011
   301.00000000000068       ,    -2.1753192301816163E-011
   302.00000000000074       ,    -2.1621147627779306E-011
   303.00000000000074       ,    -2.1490283672697880E-011
   304.00000000000074       ,    -2.1360586611785408E-011
   305.00000000000080       ,    -2.1232042818643511E-011
   306.00000000000080       ,    -2.1104638861942722E-011
   307.00000000000085       ,    -2.0978361502123688E-011
   308.00000000000085       ,    -2.0853197688199540E-011
   309.00000000000085       ,    -2.0729134554591552E-011
   310.00000000000091       ,    -2.0606159418067696E-011
   311.00000000000091       ,    -2.0484259774663248E-011
   312.00000000000097       ,    -2.0363423296724394E-011
   313.00000000000097       ,    -2.0243637830006932E-011
   314.00000000000097       ,    -2.0124891390774869E-011
   315.00000000000102       ,    -2.0007172163012254E-011
   316.00000000000102       ,    -1.9890468495670050E-011
   317.00000000000108       ,    -1.9774768899946072E-011
   318.00000000000108       ,    -1.9660062046596551E-011
   319.00000000000108       ,    -1.9546336763403664E-011
   320.00000000000114       ,    -1.9433582032568541E-011
   321.00000000000114       ,    -1.9321786988180683E-011
   322.00000000000114       ,    -1.9210940913814593E-011
   323.00000000000119       ,    -1.9101033240054899E-011
   324.00000000000119       ,    -1.8992053542164039E-011
   325.00000000000125       ,    -1.8883991537681299E-011
   326.00000000000125       ,    -1.8776837084243361E-011
   327.00000000000125       ,    -1.8670580177250117E-011
   328.00000000000131       ,    -1.8565210947703844E-011
   329.00000000000131       ,    -1.8460719660002372E-011
   330.00000000000136       ,    -1.8357096709875583E-011
   331.00000000000136       ,    -1.8254332622242578E-011
   332.00000000000136       ,    -1.8152418049193998E-011
   333.00000000000142       ,    -1.8051343767981779E-011
   334.00000000000142       ,    -1.7951100679018624E-011
   335.00000000000148       ,    -1.7851679803965096E-011
   336.00000000000148       ,    -1.7753072283810062E-011
   337.00000000000148       ,    -1.7655269377009713E-011
   338.00000000000153       ,    -1.7558262457642767E-011
   339.00000000000153       ,    -1.7462043013588684E-011
   340.00000000000153       ,    -1.7366602644835865E-011
   341.00000000000159       ,    -1.7271933061618972E-011
   342.00000000000159       ,    -1.7178026082800844E-011
   343.00000000000165       ,    -1.7084873634181416E-011
   344.00000000000165       ,    -1.6992467746794503E-011
   345.00000000000165       ,    -1.6900800555352598E-011
   346.00000000000171       ,    -1.6809864296618570E-011
   347.00000000000171       ,    -1.6719651307866407E-011
   348.00000000000176       ,    -1.6630154025311963E-011
   349.00000000000176       ,    -1.6541364982624549E-011
   350.00000000000176       ,    -1.6453276809452132E-011
   351.00000000000182       ,    -1.6365882229950238E-011
   352.00000000000182       ,    -1.6279174061347335E-011
   353.00000000000188       ,    -1.6193145212545045E-011
   354.00000000000188       ,    -1.6107788682738750E-011
   355.00000000000188       ,    -1.6023097560058978E-011
   356.00000000000193       ,    -1.5939065020226464E-011
   357.00000000000193       ,    -1.5855684325246257E-011
   358.00000000000199       ,    -1.5772948822118131E-011
   359.00000000000199       ,    -1.5690851941566757E-011
   360.00000000000199       ,    -1.5609387196800902E-011
   361.00000000000205       ,    -1.5528548182283836E-011
   362.00000000000205       ,    -1.5448328572531772E-011
   363.00000000000205       ,    -1.5368722120932978E-011
   364.00000000000210       ,    -1.5289722658582053E-011
   365.00000000000210       ,    -1.5211324093118071E-011
   366.00000000000216       ,    -1.5133520407647078E-011
   367.00000000000216       ,    -1.5056305659602791E-011
   368.00000000000216       ,    -1.4979673979643449E-011
   369.00000000000222       ,    -1.4903619570629647E-011
   370.00000000000222       ,    -1.4828136706535421E-011
   371.00000000000227       ,    -1.4753219731444345E-011
   372.00000000000227       ,    -1.4678863058497904E-011
   373.00000000000227       ,    -1.4605061168947272E-011
   374.00000000000233       ,    -1.4531808611105094E-011
   375.00000000000233       ,    -1.4459099999459478E-011
   376.00000000000239       ,    -1.4386930013638150E-011
   377.00000000000239       ,    -1.4315293397551335E-011
   378.00000000000239       ,    -1.4244184958417645E-011
   379.00000000000244       ,    -1.4173599565893165E-011
   380.00000000000244       ,    -1.4103532151171587E-011
   381.00000000000244       ,    -1.4033977706097144E-011
   382.00000000000250       ,    -1.3964931282323804E-011
   383.00000000000250       ,    -1.3896387990462854E-011
   384.00000000000256       ,    -1.3828342999258110E-011
   385.00000000000256       ,    -1.3760791534743246E-011
   386.00000000000256       ,    -1.3693728879462870E-011
   387.00000000000261       ,    -1.3627150371656531E-011
   388.00000000000261       ,    -1.3561051404515082E-011
   389.00000000000267       ,    -1.3495427425361487E-011
   390.00000000000267       ,    -1.3430273934944674E-011
   391.00000000000267       ,    -1.3365586486683796E-011
   392.00000000000273       ,    -1.3301360685900100E-011
   393.00000000000273       ,    -1.3237592189155020E-011
   394.00000000000279       ,    -1.3174276703514287E-011
   395.00000000000279       ,    -1.3111409985841007E-011
   396.00000000000279       ,    -1.3048987842130123E-011
   397.00000000000284       ,    -1.2987006126826190E-011
   398.00000000000284       ,    -1.2925460742149248E-011
   399.00000000000290       ,    -1.2864347637475287E-011
   400.00000000000290       ,    -1.2803662808651259E-011
   401.00000000000290       ,    -1.2743402297381355E-011
   402.00000000000296       ,    -1.2683562190613844E-011
   403.00000000000296       ,    -1.2624138619905511E-011
   404.00000000000296       ,    -1.2565127760842706E-011
   405.00000000000301       ,    -1.2506525832428777E-011
   406.00000000000301       ,    -1.2448329096496521E-011
   407.00000000000307       ,    -1.2390533857154649E-011
   408.00000000000307       ,    -1.2333136460198714E-011
   409.00000000000307       ,    -1.2276133292563248E-011
   410.00000000000313       ,    -1.2219520781758619E-011
   411.00000000000313       ,    -1.2163295395363422E-011
   412.00000000000318       ,    -1.2107453640447428E-011
   413.00000000000318       ,    -1.2051992063081523E-011
   414.00000000000318       ,    -1.1996907247807474E-011
   415.00000000000324       ,    -1.1942195817119678E-011
   416.00000000000324       ,    -1.1887854430983250E-011
   417.00000000000330       ,    -1.1833879786334249E-011
   418.00000000000330       ,    -1.1780268616581198E-011
   419.00000000000330       ,    -1.1727017691149811E-011
   420.00000000000335       ,    -1.1674123814987964E-011
   421.00000000000335       ,    -1.1621583828118242E-011
   422.00000000000335       ,    -1.1569394605174604E-011
   423.00000000000341       ,    -1.1517553054943224E-011
   424.00000000000341       ,    -1.1466056119948225E-011
   425.00000000000347       ,    -1.1414900775972296E-011
   426.00000000000347       ,    -1.1364084031663906E-011
   427.00000000000347       ,    -1.1313602928095186E-011
   428.00000000000352       ,    -1.1263454538339694E-011
   429.00000000000352       ,    -1.1213635967088682E-011
   430.00000000000358       ,    -1.1164144350197736E-011
   431.00000000000358       ,    -1.1114976854342299E-011
   432.00000000000358       ,    -1.1066130676577850E-011
   433.00000000000364       ,    -1.1017603043986893E-011
   434.00000000000364       ,    -1.0969391213269309E-011
   435.00000000000369       ,    -1.0921492470395117E-011
   436.00000000000369       ,    -1.0873904130202875E-011
   437.00000000000369       ,    -1.0826623536059964E-011
   438.00000000000375       ,    -1.0779648059483882E-011
   439.00000000000375       ,    -1.0732975099797756E-011
   440.00000000000381       ,    -1.0686602083783509E-011
   441.00000000000381       ,    -1.0640526465331226E-011
   442.00000000000381       ,    -1.0594745725090791E-011
   443.00000000000387       ,    -1.0549257370160624E-011
   444.00000000000387       ,    -1.0504058933741821E-011
   445.00000000000387       ,    -1.0459147974803232E-011
   446.00000000000392       ,    -1.0414522077793937E-011
   447.00000000000392       ,    -1.0370178852291009E-011
   448.00000000000398       ,    -1.0326115932715541E-011
   449.00000000000398       ,    -1.0282330978009653E-011
   450.00000000000398       ,    -1.0238821671339521E-011
   451.00000000000404       ,    -1.0195585719796846E-011
   452.00000000000404       ,    -1.0152620854105104E-011
   453.00000000000409       ,    -1.0109924828343440E-011
   454.00000000000409       ,    -1.0067495419625727E-011
   455.00000000000409       ,    -1.0025330427851976E-011
   456.00000000000415       ,    -9.9834276754296552E-012
   457.00000000000415       ,    -9.9417850069705425E-012
   458.00000000000421       ,    -9.9004002890558668E-012
   459.00000000000421       ,    -9.8592714099500391E-012
   460.00000000000421       ,    -9.8183962793388973E-012
   461.00000000000426       ,    -9.7777728280888639E-012
   462.00000000000426       ,    -9.7373990079671366E-012
   463.00000000000426       ,    -9.6972727914046729E-012
   464.00000000000432       ,    -9.6573921712493837E-012
   465.00000000000432       ,    -9.6177551605121824E-012
   466.00000000000438       ,    -9.5783597921303853E-012
   467.00000000000438       ,    -9.5392041187418943E-012
   468.00000000000438       ,    -9.5002862124257633E-012
   469.00000000000443       ,    -9.4616041644906865E-012
   470.00000000000443       ,    -9.4231560852462977E-012
   471.00000000000449       ,    -9.3849401037640687E-012
   472.00000000000449       ,    -9.3469543676677555E-012
   473.00000000000449       ,    -9.3091970429186278E-012
   474.00000000000455       ,    -9.2716663135778124E-012
   475.00000000000455       ,    -9.2343603816122226E-012
   476.00000000000460       ,    -9.1972774666896289E-012
   477.00000000000460       ,    -9.1604158059475916E-012
   478.00000000000455       ,    -9.1237736538171450E-012
   479.00000000000455       ,    -9.0873492817960707E-012
   480.00000000000449       ,    -9.0511409782593217E-012
   481.00000000000449       ,    -9.0151470482777210E-012
   482.00000000000443       ,    -8.9793658134005633E-012
   483.00000000000443       ,    -8.9437956114806261E-012
   484.00000000000438       ,    -8.9084347964772456E-012
   485.00000000000438       ,    -8.8732817382726195E-012
   486.00000000000432       ,    -8.8383348224967652E-012
   487.00000000000432       ,    -8.8035924503312493E-012
   488.00000000000426       ,    -8.7690530383392674E-012
   489.00000000000421       ,    -8.7347150182954642E-012
   490.00000000000421       ,    -8.7005768369935848E-012
   491.00000000000415       ,    -8.6666369561027186E-012
   492.00000000000415       ,    -8.6328938519681811E-012
   493.00000000000409       ,    -8.5993460154662113E-012
   494.00000000000409       ,    -8.5659919518260406E-012
   495.00000000000404       ,    -8.5328301804784784E-012
   496.00000000000404       ,    -8.4998592348785108E-012
   497.00000000000398       ,    -8.4670776623706724E-012
   498.00000000000398       ,    -8.4344840240148632E-012
   499.00000000000392       ,    -8.4020768944303780E-012
   500.00000000000392       ,    -8.3698548616574639E-012
   501.00000000000387       ,    -8.3378165269948455E-012
   502.00000000000381       ,    -8.3059605048589100E-012
   503.00000000000381       ,    -8.2742854226347470E-012
   504.00000000000375       ,    -8.2427899205281205E-012
   505.00000000000375       ,    -8.2114726514247833E-012
   506.00000000000369       ,    -8.1803322807593773E-012
   507.00000000000369       ,    -8.1493674863517015E-012
   508.00000000000364       ,    -8.1185769583035001E-012
   509.00000000000364       ,    -8.0879593988283547E-012
   510.00000000000358       ,    -8.0575135221435831E-012
   511.00000000000358       ,    -8.0272380543251228E-012
   512.00000000000352       ,    -7.9971317331844263E-012
   513.00000000000352       ,    -7.9671933081315550E-012
   514.00000000000341       ,    -7.9374215400561274E-012
   515.00000000000341       ,    -7.9078152011983220E-012
   516.00000000000341       ,    -7.8783730750176792E-012
   517.00000000000341       ,    -7.8490939560910716E-012
   518.00000000000330       ,    -7.8199766499669350E-012
   519.00000000000330       ,    -7.7910199730645618E-012
   520.00000000000330       ,    -7.7622227525476351E-012
   521.00000000000330       ,    -7.7335838262130867E-012
   522.00000000000318       ,    -7.7051020423658321E-012
   523.00000000000318       ,    -7.6767762597169357E-012
   524.00000000000318       ,    -7.6486053472754951E-012
   525.00000000000307       ,    -7.6205881842170584E-012
   526.00000000000307       ,    -7.5927236597929671E-012
   527.00000000000307       ,    -7.5650106732198547E-012
   528.00000000000307       ,    -7.5374481335661371E-012
   529.00000000000296       ,    -7.5100349596521275E-012
   530.00000000000296       ,    -7.4827700799457711E-012
   531.00000000000296       ,    -7.4556524324549485E-012
   532.00000000000296       ,    -7.4286809646417446E-012
   533.00000000000284       ,    -7.4018546332965846E-012
   534.00000000000284       ,    -7.3751724044665973E-012
   535.00000000000284       ,    -7.3486332533329080E-012
   536.00000000000284       ,    -7.3222361641383830E-012
   537.00000000000273       ,    -7.2959801300718759E-012
   538.00000000000273       ,    -7.2698641531900271E-012
   539.00000000000273       ,    -7.2438872443075657E-012
   540.00000000000261       ,    -7.2180484229252273E-012
   541.00000000000261       ,    -7.1923467171199962E-012
   542.00000000000261       ,    -7.1667811634711849E-012
   543.00000000000261       ,    -7.1413508069588808E-012
   544.00000000000250       ,    -7.1160547008867425E-012
   545.00000000000250       ,    -7.0908919067863297E-012
   546.00000000000250       ,    -7.0658614943449709E-012
   547.00000000000250       ,    -7.0409625413069697E-012
   548.00000000000239       ,    -7.0161941334001514E-012
   549.00000000000239       ,    -6.9915553642436789E-012
   550.00000000000239       ,    -6.9670453352773459E-012
   551.00000000000227       ,    -6.9426631556794843E-012
   552.00000000000227       ,    -6.9184079422802729E-012
   553.00000000000227       ,    -6.8942788194867464E-012
   554.00000000000227       ,    -6.8702749192115500E-012
   555.00000000000216       ,    -6.8463953807875010E-012
   556.00000000000216       ,    -6.8226393508953888E-012
   557.00000000000216       ,    -6.7990059834916744E-012
   558.00000000000216       ,    -6.7754944397282109E-012
   559.00000000000205       ,    -6.7521038878870067E-012
   560.00000000000205       ,    -6.7288335033023838E-012
   561.00000000000205       ,    -6.7056824682908519E-012
   562.00000000000193       ,    -6.6826499720809277E-012
   563.00000000000193       ,    -6.6597352107444866E-012
   564.00000000000193       ,    -6.6369373871262484E-012
   565.00000000000193       ,    -6.6142557107785161E-012
   566.00000000000182       ,    -6.5916893978875603E-012
   567.00000000000182       ,    -6.5692376712132131E-012
   568.00000000000182       ,    -6.5468997600242849E-012
   569.00000000000182       ,    -6.5246749000288337E-012
   570.00000000000171       ,    -6.5025623333060326E-012
   571.00000000000171       ,    -6.4805613082567294E-012
   572.00000000000171       ,    -6.4586710795297717E-012
   573.00000000000171       ,    -6.4368909079607169E-012
   574.00000000000159       ,    -6.4152200605133055E-012
   575.00000000000159       ,    -6.3936578102190838E-012
   576.00000000000159       ,    -6.3722034361122452E-012
   577.00000000000148       ,    -6.3508562231812513E-012
   578.00000000000148       ,    -6.3296154622982686E-012
   579.00000000000148       ,    -6.3084804501670489E-012
   580.00000000000148       ,    -6.2874504892685401E-012
   581.00000000000136       ,    -6.2665248877998165E-012
   582.00000000000136       ,    -6.2457029596178879E-012
   583.00000000000136       ,    -6.2249840241849083E-012
   584.00000000000136       ,    -6.2043674065191431E-012
   585.00000000000125       ,    -6.1838524371292449E-012
   586.00000000000125       ,    -6.1634384519774404E-012
   587.00000000000125       ,    -6.1431247924069498E-012
   588.00000000000114       ,    -6.1229108051132330E-012
   589.00000000000114       ,    -6.1027958420621699E-012
   590.00000000000114       ,    -6.0827792604692276E-012
   591.00000000000114       ,    -6.0628604227310748E-012
   592.00000000000102       ,    -6.0430386963781846E-012
   593.00000000000102       ,    -6.0233134540334535E-012
   594.00000000000102       ,    -6.0036840733498345E-012
   595.00000000000102       ,    -5.9841499369745740E-012
   596.00000000000091       ,    -5.9647104324977248E-012
   597.00000000000091       ,    -5.9453649524014839E-012
   598.00000000000091       ,    -5.9261128940140519E-012
   599.00000000000080       ,    -5.9069536594673047E-012
   600.00000000000080       ,    -5.8878866556529628E-012
   601.00000000000080       ,    -5.8689112941646098E-012
   602.00000000000080       ,    -5.8500269912703225E-012
   603.00000000000068       ,    -5.8312331678538318E-012
   604.00000000000068       ,    -5.8125292493862870E-012
   605.00000000000068       ,    -5.7939146658609747E-012
   606.00000000000068       ,    -5.7753888517761367E-012
   607.00000000000057       ,    -5.7569512460696981E-012
   608.00000000000057       ,    -5.7386012920955175E-012
   609.00000000000057       ,    -5.7203384375712580E-012
   610.00000000000057       ,    -5.7021621345397541E-012
   611.00000000000045       ,    -5.6840718393326698E-012
   612.00000000000045       ,    -5.6660670125238394E-012
   613.00000000000045       ,    -5.6481471188946553E-012
   614.00000000000034       ,    -5.6303116273934251E-012
   615.00000000000034       ,    -5.6125600110969640E-012
   616.00000000000034       ,    -5.5948917471721724E-012
   617.00000000000034       ,    -5.5773063168355118E-012
   618.00000000000023       ,    -5.5598032053212400E-012
   619.00000000000023       ,    -5.5423819018404368E-012
   620.00000000000023       ,    -5.5250418995387232E-012
   621.00000000000023       ,    -5.5077826954791438E-012
   622.00000000000011       ,    -5.4906037905803182E-012
   623.00000000000011       ,    -5.4735046895992462E-012
   624.00000000000011       ,    -5.4564849010909961E-012
   625.00000000000000       ,    -5.4395439373715947E-012
   626.00000000000000       ,    -5.4226813144915306E-012
   627.00000000000000       ,    -5.4058965521876539E-012
   628.00000000000000       ,    -5.3891891738629715E-012
   628.99999999999989       ,    -5.3725587065477844E-012
   629.99999999999989       ,    -5.3560046808637683E-012
   630.99999999999989       ,    -5.3395266309992825E-012
   631.99999999999989       ,    -5.3231240946694013E-012
   632.99999999999977       ,    -5.3067966130882563E-012
   633.99999999999977       ,    -5.2905437309362269E-012
   634.99999999999977       ,    -5.2743649963244870E-012
   635.99999999999966       ,    -5.2582599607760375E-012
   636.99999999999966       ,    -5.2422281791821797E-012
   637.99999999999966       ,    -5.2262692097771473E-012
   638.99999999999966       ,    -5.2103826141083418E-012
   639.99999999999955       ,    -5.1945679570117336E-012
   640.99999999999955       ,    -5.1788248065695511E-012
   641.99999999999955       ,    -5.1631527340930598E-012
   642.99999999999955       ,    -5.1475513140916055E-012
   643.99999999999943       ,    -5.1320201242384266E-012
   644.99999999999943       ,    -5.1165587453487293E-012
   645.99999999999943       ,    -5.1011667613490815E-012
   646.99999999999932       ,    -5.0858437592491259E-012
   647.99999999999932       ,    -5.0705893291179443E-012
   648.99999999999932       ,    -5.0554030640530504E-012
   649.99999999999932       ,    -5.0402845601525780E-012
   650.99999999999920       ,    -5.0252334164943012E-012
   651.99999999999920       ,    -5.0102492351063343E-012
   652.99999999999920       ,    -4.9953316209403571E-012
   653.99999999999920       ,    -4.9804801818500720E-012
   654.99999999999909       ,    -4.9656945285553808E-012
   655.99999999999909       ,    -4.9509742746316323E-012
   656.99999999999909       ,    -4.9363190364746098E-012
   657.99999999999909       ,    -4.9217284332779738E-012
   658.99999999999898       ,    -4.9072020870113171E-012
   659.99999999999898       ,    -4.8927396223955300E-012
   660.99999999999898       ,    -4.8783406668735494E-012
   661.99999999999886       ,    -4.8640048505957573E-012
   662.99999999999886       ,    -4.8497318063882197E-012
   663.99999999999886       ,    -4.8355211697357610E-012
   664.99999999999886       ,    -4.8213725787570196E-012
   665.99999999999875       ,    -4.8072856741759166E-012
   666.99999999999875       ,    -4.7932600993102648E-012
   667.99999999999875       ,    -4.7792955000392546E-012
   668.99999999999875       ,    -4.7653915247873522E-012
   669.99999999999864       ,    -4.7515478245028611E-012
   670.99999999999864       ,    -4.7377640526278362E-012
   671.99999999999864       ,    -4.7240398650924112E-012
   672.99999999999852       ,    -4.7103749202757355E-012
   673.99999999999852       ,    -4.6967688789987290E-012
   674.99999999999852       ,    -4.6832214044960097E-012
   675.99999999999852       ,    -4.6697321623995607E-012
   676.99999999999841       ,    -4.6563008207133064E-012
   677.99999999999841       ,    -4.6429270497980809E-012
   678.99999999999841       ,    -4.6296105223483280E-012
   679.99999999999841       ,    -4.6163509133764479E-012
   680.99999999999829       ,    -4.6031479001870456E-012
   681.99999999999829       ,    -4.5900011623609487E-012
   682.99999999999829       ,    -4.5769103817382669E-012
   683.99999999999818       ,    -4.5638752423966610E-012
   684.99999999999818       ,    -4.5508954306315382E-012
   685.99999999999818       ,    -4.5379706349392854E-012
   686.99999999999818       ,    -4.5251005459990123E-012
   687.99999999999807       ,    -4.5122848566528349E-012
   688.99999999999807       ,    -4.4995232618906422E-012
   689.99999999999807       ,    -4.4868154588280131E-012
   690.99999999999807       ,    -4.4741611466915197E-012
   691.99999999999795       ,    -4.4615600267993067E-012
   692.99999999999795       ,    -4.4490118025455309E-012
   693.99999999999795       ,    -4.4365161793846211E-012
   694.99999999999795       ,    -4.4240728648076208E-012
   695.99999999999784       ,    -4.4116815683311638E-012
   696.99999999999784       ,    -4.3993420014820779E-012
   697.99999999999784       ,    -4.3870538777717233E-012
   698.99999999999773       ,    -4.3748169126923098E-012
   699.99999999999773       ,    -4.3626308236889107E-012
   700.99999999999773       ,    -4.3504953301517025E-012
   701.99999999999773       ,    -4.3384101533968717E-012
   702.99999999999761       ,    -4.3263750166462302E-012
   703.99999999999761       ,    -4.3143896450234011E-012
   704.99999999999761       ,    -4.3024537655248935E-012
   705.99999999999761       ,    -4.2905671070129890E-012
   706.99999999999750       ,    -4.2787294002002863E-012
   707.99999999999750       ,    -4.2669403776290569E-012
   708.99999999999750       ,    -4.2551997736648745E-012
   709.99999999999739       ,    -4.2435073244710285E-012
   710.99999999999739       ,    -4.2318627680080649E-012
   711.99999999999739       ,    -4.2202658440007395E-012
   712.99999999999739       ,    -4.2087162939418073E-012
   713.99999999999727       ,    -4.1972138610684382E-012
   714.99999999999727       ,    -4.1857582903476476E-012
   715.99999999999727       ,    -4.1743493284682652E-012
   716.99999999999727       ,    -4.1629867238181669E-012
   717.99999999999716       ,    -4.1516702264791503E-012
   718.99999999999716       ,    -4.1403995882100632E-012
   719.99999999999716       ,    -4.1291745624303610E-012
   720.99999999999704       ,    -4.1179949042122496E-012
   721.99999999999704       ,    -4.1068603702639471E-012
   722.99999999999704       ,    -4.0957707189166573E-012
   723.99999999999704       ,    -4.0847257101135711E-012
   724.99999999999693       ,    -4.0737251053960096E-012
   725.99999999999693       ,    -4.0627686678899074E-012
   726.99999999999693       ,    -4.0518561622930294E-012
   727.99999999999693       ,    -4.0409873548665590E-012
   728.99999999999682       ,    -4.0301620134150466E-012
   729.99999999999682       ,    -4.0193799072839725E-012
   730.99999999999682       ,    -4.0086408073368172E-012
   731.99999999999682       ,    -3.9979444859528907E-012
   732.99999999999670       ,    -3.9872907170089357E-012
   733.99999999999670       ,    -3.9766792758689286E-012
   734.99999999999670       ,    -3.9661099393737748E-012
   735.99999999999659       ,    -3.9555824858303325E-012
   736.99999999999659       ,    -3.9450966949965088E-012
   737.99999999999659       ,    -3.9346523480700634E-012
   738.99999999999659       ,    -3.9242492276837131E-012
   739.99999999999648       ,    -3.9138871178864971E-012
   740.99999999999648       ,    -3.9035658041332552E-012
   741.99999999999648       ,    -3.8932850732815317E-012
   742.99999999999648       ,    -3.8830447135696527E-012
   743.99999999999636       ,    -3.8728445146151271E-012
   744.99999999999636       ,    -3.8626842673985069E-012
   745.99999999999636       ,    -3.8525637642541969E-012
   746.99999999999625       ,    -3.8424827988610410E-012
   747.99999999999625       ,    -3.8324411662309324E-012
   748.99999999999625       ,    -3.8224386626989608E-012
   749.99999999999625       ,    -3.8124750859129614E-012
   750.99999999999613       ,    -3.8025502348232766E-012
   751.99999999999613       ,    -3.7926639096728865E-012
   752.99999999999613       ,    -3.7828159119869746E-012
   753.99999999999613       ,    -3.7730060445635400E-012
   754.99999999999602       ,    -3.7632341114665354E-012
   755.99999999999602       ,    -3.7534999180099022E-012
   756.99999999999602       ,    -3.7438032707516655E-012
   757.99999999999591       ,    -3.7341439774864718E-012
   758.99999999999591       ,    -3.7245218472318973E-012
   759.99999999999591       ,    -3.7149366902224877E-012
   760.99999999999591       ,    -3.7053883178967372E-012
   761.99999999999579       ,    -3.6958765428940591E-012
   762.99999999999579       ,    -3.6864011790383305E-012
   763.99999999999579       ,    -3.6769620413357828E-012
   764.99999999999579       ,    -3.6675589459595046E-012
   765.99999999999568       ,    -3.6581917102457151E-012
   766.99999999999568       ,    -3.6488601526841392E-012
   767.99999999999568       ,    -3.6395640929066551E-012
   768.99999999999568       ,    -3.6303033516802174E-012
   769.99999999999557       ,    -3.6210777509011124E-012
   770.99999999999557       ,    -3.6118871135783913E-012
   771.99999999999557       ,    -3.6027312638383098E-012
   772.99999999999545       ,    -3.5936100269029602E-012
   773.99999999999545       ,    -3.5845232290893996E-012
   774.99999999999545       ,    -3.5754706977997536E-012
   775.99999999999545       ,    -3.5664522615137015E-012
   776.99999999999534       ,    -3.5574677497796688E-012
   777.99999999999534       ,    -3.5485169932063170E-012
   778.99999999999534       ,    -3.5395998234555059E-012
   779.99999999999534       ,    -3.5307160732362537E-012
   780.99999999999523       ,    -3.5218655762926528E-012
   781.99999999999523       ,    -3.5130481673997127E-012
   782.99999999999523       ,    -3.5042636823537471E-012
   783.99999999999511       ,    -3.4955119579671018E-012
   784.99999999999511       ,    -3.4867928320584973E-012
   785.99999999999511       ,    -3.4781061434461404E-012
   786.99999999999511       ,    -3.4694517319400422E-012
   787.99999999999500       ,    -3.4608294383376516E-012
   788.99999999999500       ,    -3.4522391044116306E-012
   789.99999999999500       ,    -3.4436805729057241E-012
   790.99999999999500       ,    -3.4351536875275705E-012
   791.99999999999488       ,    -3.4266582929428788E-012
   792.99999999999488       ,    -3.4181942347632681E-012
   793.99999999999488       ,    -3.4097613595452545E-012
   794.99999999999477       ,    -3.4013595147811271E-012
   795.99999999999477       ,    -3.3929885488892685E-012
   796.99999999999477       ,    -3.3846483112139918E-012
   797.99999999999477       ,    -3.3763386520121966E-012
   798.99999999999466       ,    -3.3680594224505140E-012
   799.99999999999466       ,    -3.3598104745969751E-012
   800.99999999999466       ,    -3.3515916614155468E-012
   801.99999999999466       ,    -3.3434028367596250E-012
   802.99999999999454       ,    -3.3352438553642392E-012
   803.99999999999454       ,    -3.3271145728416678E-012
   804.99999999999454       ,    -3.3190148456739120E-012
   805.99999999999443       ,    -3.3109445312055613E-012
   806.99999999999443       ,    -3.3029034876402580E-012
   807.99999999999443       ,    -3.2948915740321668E-012
   808.99999999999443       ,    -3.2869086502814553E-012
   809.99999999999432       ,    -3.2789545771237504E-012
   810.99999999999432       ,    -3.2710292161342972E-012
   811.99999999999432       ,    -3.2631324297088329E-012
   812.99999999999432       ,    -3.2552640810690617E-012
   813.99999999999420       ,    -3.2474240342491223E-012
   814.99999999999420       ,    -3.2396121540953823E-012
   815.99999999999420       ,    -3.2318283062543169E-012
   816.99999999999420       ,    -3.2240723571752451E-012
   817.99999999999409       ,    -3.2163441740953180E-012
   818.99999999999409       ,    -3.2086436250414273E-012
   819.99999999999409       ,    -3.2009705788201565E-012
   820.99999999999397       ,    -3.1933249050154747E-012
   821.99999999999397       ,    -3.1857064739789782E-012
   822.99999999999397       ,    -3.1781151568297922E-012
   823.99999999999397       ,    -3.1705508254437559E-012
   824.99999999999386       ,    -3.1630133524533941E-012
   825.99999999999386       ,    -3.1555026112369464E-012
   826.99999999999386       ,    -3.1480184759187021E-012
   827.99999999999386       ,    -3.1405608213596906E-012
   828.99999999999375       ,    -3.1331295231550469E-012
   829.99999999999375       ,    -3.1257244576275426E-012
   830.99999999999375       ,    -3.1183455018209765E-012
   831.99999999999363       ,    -3.1109925335001008E-012
   832.99999999999363       ,    -3.1036654311392065E-012
   833.99999999999363       ,    -3.0963640739229352E-012
   834.99999999999363       ,    -3.0890883417374924E-012
   835.99999999999352       ,    -3.0818381151668968E-012
   836.99999999999352       ,    -3.0746132754884472E-012
   837.99999999999352       ,    -3.0674137046688221E-012
   838.99999999999352       ,    -3.0602392853570690E-012
   839.99999999999341       ,    -3.0530899008799936E-012
   840.99999999999341       ,    -3.0459654352417432E-012
   841.99999999999341       ,    -3.0388657731126153E-012
   842.99999999999329       ,    -3.0317907998298326E-012
   843.99999999999329       ,    -3.0247404013891696E-012
   844.99999999999329       ,    -3.0177144644447838E-012
   845.99999999999329       ,    -3.0107128762983511E-012
   846.99999999999318       ,    -3.0037355249004396E-012
   847.99999999999318       ,    -2.9967822988442378E-012
   848.99999999999318       ,    -2.9898530873594677E-012
   849.99999999999318       ,    -2.9829477803105826E-012
   850.99999999999307       ,    -2.9760662681895867E-012
   851.99999999999307       ,    -2.9692084421158006E-012
   852.99999999999307       ,    -2.9623741938267253E-012
   853.99999999999307       ,    -2.9555634156771583E-012
   854.99999999999295       ,    -2.9487760006345881E-012
   855.99999999999295       ,    -2.9420118422741005E-012
   856.99999999999295       ,    -2.9352708347734519E-012
   857.99999999999284       ,    -2.9285528729127629E-012
   858.99999999999284       ,    -2.9218578520658640E-012
   859.99999999999284       ,    -2.9151856681983654E-012
   860.99999999999284       ,    -2.9085362178638602E-012
   861.99999999999272       ,    -2.9019093982004914E-012
   862.99999999999272       ,    -2.8953051069247361E-012
   863.99999999999272       ,    -2.8887232423303152E-012
   864.99999999999272       ,    -2.8821637032819122E-012
   865.99999999999261       ,    -2.8756263892116135E-012
   866.99999999999261       ,    -2.8691112001183918E-012
   867.99999999999261       ,    -2.8626180365591869E-012
   868.99999999999250       ,    -2.8561467996491166E-012
   869.99999999999250       ,    -2.8496973910569247E-012
   870.99999999999250       ,    -2.8432697129978283E-012
   871.99999999999250       ,    -2.8368636682342181E-012
   872.99999999999238       ,    -2.8304791600734703E-012
   873.99999999999238       ,    -2.8241160923572373E-012
   874.99999999999238       ,    -2.8177743694627957E-012
   875.99999999999238       ,    -2.8114538963002779E-012
   876.99999999999227       ,    -2.8051545783071237E-012
   877.99999999999227       ,    -2.7988763214427705E-012
   878.99999999999227       ,    -2.7926190321915128E-012
   879.99999999999216       ,    -2.7863826175503730E-012
   880.99999999999216       ,    -2.7801669850342636E-012
   881.99999999999216       ,    -2.7739720426658476E-012
   882.99999999999216       ,    -2.7677976989756772E-012
   883.99999999999204       ,    -2.7616438629994181E-012
   884.99999999999204       ,    -2.7555104442713252E-012
   885.99999999999204       ,    -2.7493973528228072E-012
   886.99999999999204       ,    -2.7433044991806659E-012
   887.99999999999193       ,    -2.7372317943612183E-012
   888.99999999999193       ,    -2.7311791498686790E-012
   889.99999999999193       ,    -2.7251464776921889E-012
   890.99999999999193       ,    -2.7191336902995492E-012
   891.99999999999181       ,    -2.7131407006386722E-012
   892.99999999999181       ,    -2.7071674221316315E-012
   893.99999999999181       ,    -2.7012137686723572E-012
   894.99999999999170       ,    -2.6952796546228951E-012
   895.99999999999170       ,    -2.6893649948119331E-012
   896.99999999999170       ,    -2.6834697045286760E-012
   897.99999999999170       ,    -2.6775936995240095E-012
   898.99999999999159       ,    -2.6717368960044385E-012
   899.99999999999159       ,    -2.6658992106302848E-012
   900.99999999999159       ,    -2.6600805605114490E-012
   901.99999999999159       ,    -2.6542808632079983E-012
   902.99999999999147       ,    -2.6485000367225244E-012
   903.99999999999147       ,    -2.6427379994999663E-012
   904.99999999999147       ,    -2.6369946704257505E-012
   905.99999999999136       ,    -2.6312699688198484E-012
   906.99999999999136       ,    -2.6255638144375463E-012
   907.99999999999136       ,    -2.6198761274638638E-012
   908.99999999999136       ,    -2.6142068285101177E-012
   909.99999999999125       ,    -2.6085558386161833E-012
   910.99999999999125       ,    -2.6029230792417306E-012
   911.99999999999125       ,    -2.5973084722673110E-012
   912.99999999999125       ,    -2.5917119399911388E-012
   913.99999999999113       ,    -2.5861334051239622E-012
   914.99999999999113       ,    -2.5805727907905202E-012
   915.99999999999113       ,    -2.5750300205229615E-012
   916.99999999999102       ,    -2.5695050182602103E-012
   917.99999999999102       ,    -2.5639977083460729E-012
   918.99999999999102       ,    -2.5585080155259533E-012
   919.99999999999102       ,    -2.5530358649418604E-012
   920.99999999999091       ,    -2.5475811821346103E-012
   921.99999999999091       ,    -2.5421438930380478E-012
   922.99999999999091       ,    -2.5367239239762044E-012
   923.99999999999091       ,    -2.5313212016636012E-012
   924.99999999999079       ,    -2.5259356532002087E-012
   925.99999999999079       ,    -2.5205672060696159E-012
   926.99999999999079       ,    -2.5152157881386903E-012
   927.99999999999068       ,    -2.5098813276505833E-012
   928.99999999999068       ,    -2.5045637532282615E-012
   929.99999999999068       ,    -2.4992629938662042E-012
   930.99999999999068       ,    -2.4939789789334628E-012
   931.99999999999056       ,    -2.4887116381669442E-012
   932.99999999999056       ,    -2.4834609016721708E-012
   933.99999999999056       ,    -2.4782266999183379E-012
   934.99999999999056       ,    -2.4730089637392858E-012
   935.99999999999045       ,    -2.4678076243271698E-012
   936.99999999999045       ,    -2.4626226132344279E-012
   937.99999999999045       ,    -2.4574538623689343E-012
   938.99999999999045       ,    -2.4523013039913847E-012
   939.99999999999034       ,    -2.4471648707157495E-012
   940.99999999999034       ,    -2.4420444955037626E-012
   941.99999999999034       ,    -2.4369401116664119E-012
   942.99999999999022       ,    -2.4318516528576579E-012
   943.99999999999022       ,    -2.4267790530759973E-012
   944.99999999999022       ,    -2.4217222466605608E-012
   945.99999999999022       ,    -2.4166811682880530E-012
   946.99999999999011       ,    -2.4116557529739799E-012
   947.99999999999011       ,    -2.4066459360659900E-012
   948.99999999999011       ,    -2.4016516532462898E-012
   949.99999999999011       ,    -2.3966728405270494E-012
   950.99999999999000       ,    -2.3917094342473334E-012
   951.99999999999000       ,    -2.3867613710754240E-012
   952.99999999999000       ,    -2.3818285880017947E-012
   953.99999999998988       ,    -2.3769110223406527E-012
   954.99999999999000       ,    -2.3720086117251476E-012
   955.99999999999011       ,    -2.3671212941092055E-012
   956.99999999999011       ,    -2.3622490077615312E-012
   957.99999999999022       ,    -2.3573916912656344E-012
   958.99999999999034       ,    -2.3525492835183925E-012
   959.99999999999034       ,    -2.3477217237273008E-012
   960.99999999999045       ,    -2.3429089514083254E-012
   961.99999999999056       ,    -2.3381109063854976E-012
   962.99999999999056       ,    -2.3333275287861974E-012
   963.99999999999068       ,    -2.3285587590433112E-012
   964.99999999999079       ,    -2.3238045378905440E-012
   965.99999999999079       ,    -2.3190648063588184E-012
   966.99999999999091       ,    -2.3143395057816913E-012
   967.99999999999102       ,    -2.3096285777831531E-012
   968.99999999999102       ,    -2.3049319642863166E-012
   969.99999999999113       ,    -2.3002496075044998E-012
   970.99999999999125       ,    -2.2955814499409392E-012
   971.99999999999125       ,    -2.2909274343904649E-012
   972.99999999999136       ,    -2.2862875039328029E-012
   973.99999999999147       ,    -2.2816616019330010E-012
   974.99999999999147       ,    -2.2770496720423875E-012
   975.99999999999159       ,    -2.2724516581924422E-012
   976.99999999999170       ,    -2.2678675045947983E-012
   977.99999999999170       ,    -2.2632971557412525E-012
   978.99999999999181       ,    -2.2587405563995556E-012
   979.99999999999193       ,    -2.2541976516132365E-012
   980.99999999999193       ,    -2.2496683866988177E-012
   981.99999999999204       ,    -2.2451527072472031E-012
   982.99999999999216       ,    -2.2406505591164574E-012
   983.99999999999216       ,    -2.2361618884365210E-012
   984.99999999999227       ,    -2.2316866416030762E-012
   985.99999999999238       ,    -2.2272247652780552E-012
   986.99999999999238       ,    -2.2227762063865829E-012
   987.99999999999250       ,    -2.2183409121175790E-012
   988.99999999999261       ,    -2.2139188299208091E-012
   989.99999999999261       ,    -2.2095099075045011E-012
   990.99999999999272       ,    -2.2051140928360323E-012
   991.99999999999284       ,    -2.2007313341383170E-012
   992.99999999999284       ,    -2.1963615798901252E-012
   993.99999999999295       ,    -2.1920047788225429E-012
   994.99999999999307       ,    -2.1876608799188603E-012
   995.99999999999307       ,    -2.1833298324134003E-012
   996.99999999999318       ,    -2.1790115857887533E-012
   997.99999999999329       ,    -2.1747060897754267E-012
   998.99999999999329       ,    -2.1704132943493840E-012
   999.99999999999341       ,    -2.1661331497319131E-012
   1000.9999999999935       ,    -2.1618656063873940E-012
   1001.9999999999935       ,    -2.1576106150213391E-012
   1002.9999999999936       ,    -2.1533681265797739E-012
   1003.9999999999937       ,    -2.1491380922492466E-012
   1004.9999999999937       ,    -2.1449204634507827E-012
   1005.9999999999939       ,    -2.1407151918441117E-012
   1006.9999999999939       ,    -2.1365222293227036E-012
   1007.9999999999940       ,    -2.1323415280129786E-012
   1008.9999999999941       ,    -2.1281730402755689E-012
   1009.9999999999941       ,    -2.1240167186989995E-012
   1010.9999999999942       ,    -2.1198725161031941E-012
   1011.9999999999943       ,    -2.1157403855352379E-012
   1012.9999999999943       ,    -2.1116202802687314E-012
   1013.9999999999944       ,    -2.1075121538037523E-012
   1014.9999999999945       ,    -2.1034159598639616E-012
   1015.9999999999945       ,    -2.0993316523951385E-012
   1016.9999999999947       ,    -2.0952591855654746E-012
   1017.9999999999948       ,    -2.0911985137631894E-012
   1018.9999999999948       ,    -2.0871495915950144E-012
   1019.9999999999949       ,    -2.0831123738867201E-012
   1020.9999999999950       ,    -2.0790868156788332E-012
   1021.9999999999950       ,    -2.0750728722290427E-012
   1022.9999999999951       ,    -2.0710704990070180E-012
   1023.9999999999952       ,    -2.0670796516970567E-012
   1024.9999999999952       ,    -2.0631002861935221E-012
   1025.9999999999955       ,    -2.0591323586025383E-012
   1026.9999999999955       ,    -2.0551758252382722E-012
   1027.9999999999955       ,    -2.0512306426239266E-012
   1028.9999999999957       ,    -2.0472967674878802E-012
   1029.9999999999957       ,    -2.0433741567654339E-012
   1030.9999999999957       ,    -2.0394627675960770E-012
   1031.9999999999959       ,    -2.0355625573220737E-012
   1032.9999999999959       ,    -2.0316734834893542E-012
   1033.9999999999959       ,    -2.0277955038428672E-012
   1034.9999999999959       ,    -2.0239285763278727E-012
   1035.9999999999961       ,    -2.0200726590899150E-012
   1036.9999999999961       ,    -2.0162277104696130E-012
   1037.9999999999961       ,    -2.0123936890057577E-012
   1038.9999999999964       ,    -2.0085705534325149E-012
   1039.9999999999964       ,    -2.0047582626776231E-012
   1040.9999999999964       ,    -2.0009567758624470E-012
   1041.9999999999966       ,    -1.9971660522993951E-012
   1042.9999999999966       ,    -1.9933860514938389E-012
   1043.9999999999966       ,    -1.9896167331390124E-012
   1044.9999999999968       ,    -1.9858580571185631E-012
   1045.9999999999968       ,    -1.9821099835023733E-012
   1046.9999999999968       ,    -1.9783724725495889E-012
   1047.9999999999970       ,    -1.9746454847020427E-012
   1048.9999999999970       ,    -1.9709289805880443E-012
   1049.9999999999970       ,    -1.9672229210190316E-012
   1050.9999999999973       ,    -1.9635272669894083E-012
   1051.9999999999973       ,    -1.9598419796746822E-012
   1052.9999999999973       ,    -1.9561670204316051E-012
   1053.9999999999975       ,    -1.9525023507955742E-012
   1054.9999999999975       ,    -1.9488479324809416E-012
   1055.9999999999975       ,    -1.9452037273800211E-012
   1056.9999999999977       ,    -1.9415696975613334E-012
   1057.9999999999977       ,    -1.9379458052692332E-012
   1058.9999999999977       ,    -1.9343320129219133E-012
   1059.9999999999980       ,    -1.9307282831127996E-012
   1060.9999999999980       ,    -1.9271345786062755E-012
   1061.9999999999980       ,    -1.9235508623402733E-012
   1062.9999999999982       ,    -1.9199770974216110E-012
   1063.9999999999982       ,    -1.9164132471285598E-012
   1064.9999999999982       ,    -1.9128592749076562E-012
   1065.9999999999984       ,    -1.9093151443732879E-012
   1066.9999999999984       ,    -1.9057808193070676E-012
   1067.9999999999984       ,    -1.9022562636575378E-012
   1068.9999999999986       ,    -1.8987414415369452E-012
   1069.9999999999986       ,    -1.8952363172225068E-012
   1070.9999999999986       ,    -1.8917408551557136E-012
   1071.9999999999989       ,    -1.8882550199400031E-012
   1072.9999999999989       ,    -1.8847787763399478E-012
   1073.9999999999989       ,    -1.8813120892814395E-012
   1074.9999999999991       ,    -1.8778549238501488E-012
   1075.9999999999991       ,    -1.8744072452914132E-012
   1076.9999999999991       ,    -1.8709690190070772E-012
   1077.9999999999993       ,    -1.8675402105580239E-012
   1078.9999999999993       ,    -1.8641207856602336E-012
   1079.9999999999993       ,    -1.8607107101863993E-012
   1080.9999999999995       ,    -1.8573099501633672E-012
   1081.9999999999995       ,    -1.8539184717720841E-012
   1082.9999999999995       ,    -1.8505362413454360E-012
   1083.9999999999998       ,    -1.8471632253705743E-012
   1084.9999999999998       ,    -1.8437993904845726E-012
   1085.9999999999998       ,    -1.8404447034754301E-012
   1087.0000000000000       ,    -1.8370991312817334E-012
   1088.0000000000000       ,    -1.8337626409892909E-012
   1089.0000000000000       ,    -1.8304351998337041E-012
   1090.0000000000002       ,    -1.8271167751973724E-012
   1091.0000000000002       ,    -1.8238073346084910E-012
   1092.0000000000002       ,    -1.8205068457430354E-012
   1093.0000000000005       ,    -1.8172152764199958E-012
   1094.0000000000005       ,    -1.8139325946032194E-012
   1095.0000000000005       ,    -1.8106587684003366E-012
   1096.0000000000007       ,    -1.8073937660615051E-012
   1097.0000000000007       ,    -1.8041375559787664E-012
   1098.0000000000007       ,    -1.8008901066848281E-012
   1099.0000000000009       ,    -1.7976513868536901E-012
   1100.0000000000009       ,    -1.7944213652982986E-012
   1101.0000000000009       ,    -1.7912000109709692E-012
   1102.0000000000011       ,    -1.7879872929617455E-012
   1103.0000000000011       ,    -1.7847831804987669E-012
   1104.0000000000011       ,    -1.7815876429460632E-012
   1105.0000000000014       ,    -1.7784006498038465E-012
   1106.0000000000014       ,    -1.7752221707082011E-012
   1107.0000000000014       ,    -1.7720521754291631E-012
   1108.0000000000016       ,    -1.7688906338703502E-012
   1109.0000000000016       ,    -1.7657375160693349E-012
   1110.0000000000016       ,    -1.7625927921955756E-012
   1111.0000000000018       ,    -1.7594564325496720E-012
   1112.0000000000018       ,    -1.7563284075645614E-012
   1113.0000000000018       ,    -1.7532086878022778E-012
   1114.0000000000020       ,    -1.7500972439551026E-012
   1115.0000000000020       ,    -1.7469940468444430E-012
   1116.0000000000020       ,    -1.7438990674186562E-012
   1117.0000000000023       ,    -1.7408122767556705E-012
   1118.0000000000023       ,    -1.7377336460591217E-012
   1119.0000000000023       ,    -1.7346631466588961E-012
   1120.0000000000025       ,    -1.7316007500106296E-012
   1121.0000000000025       ,    -1.7285464276950127E-012
   1122.0000000000025       ,    -1.7255001514173428E-012
   1123.0000000000027       ,    -1.7224618930053626E-012
   1124.0000000000027       ,    -1.7194316244116995E-012
   1125.0000000000027       ,    -1.7164093177092828E-012
   1126.0000000000030       ,    -1.7133949450940908E-012
   1127.0000000000030       ,    -1.7103884788822834E-012
   1128.0000000000030       ,    -1.7073898915109144E-012
   1129.0000000000032       ,    -1.7043991555380540E-012
   1130.0000000000032       ,    -1.7014162436378109E-012
   1131.0000000000032       ,    -1.6984411286062930E-012
   1132.0000000000034       ,    -1.6954737833553643E-012
   1133.0000000000034       ,    -1.6925141809143824E-012
   1134.0000000000034       ,    -1.6895622944313931E-012
   1135.0000000000036       ,    -1.6866180971674022E-012
   1136.0000000000036       ,    -1.6836815625018616E-012
   1137.0000000000036       ,    -1.6807526639272347E-012
   1138.0000000000039       ,    -1.6778313750514368E-012
   1139.0000000000039       ,    -1.6749176695954082E-012
   1140.0000000000039       ,    -1.6720115213937449E-012
   1141.0000000000041       ,    -1.6691129043930151E-012
   1142.0000000000041       ,    -1.6662217926524733E-012
   1143.0000000000041       ,    -1.6633381603421041E-012
   1144.0000000000043       ,    -1.6604619817434111E-012
   1145.0000000000043       ,    -1.6575932312475258E-012
   1146.0000000000043       ,    -1.6547318833553520E-012
   1147.0000000000045       ,    -1.6518779126779257E-012
   1148.0000000000045       ,    -1.6490312939338175E-012
   1149.0000000000045       ,    -1.6461920019492126E-012
   1150.0000000000045       ,    -1.6433600116594391E-012
   1151.0000000000048       ,    -1.6405352981049443E-012
   1152.0000000000048       ,    -1.6377178364338952E-012
   1153.0000000000048       ,    -1.6349076018994167E-012
   1154.0000000000050       ,    -1.6321045698606985E-012
   1155.0000000000050       ,    -1.6293087157808226E-012
   1156.0000000000050       ,    -1.6265200152278670E-012
   1157.0000000000052       ,    -1.6237384438729983E-012
   1158.0000000000052       ,    -1.6209639774910365E-012
   1159.0000000000052       ,    -1.6181965919592143E-012
   1160.0000000000055       ,    -1.6154362632565842E-012
   1161.0000000000055       ,    -1.6126829674647379E-012
   1162.0000000000055       ,    -1.6099366807650660E-012
   1163.0000000000057       ,    -1.6071973794407585E-012
   1164.0000000000057       ,    -1.6044650398741878E-012
   1165.0000000000057       ,    -1.6017396385476769E-012
   1166.0000000000059       ,    -1.5990211520428597E-012
   1167.0000000000059       ,    -1.5963095570394446E-012
   1168.0000000000059       ,    -1.5936048303153279E-012
   1169.0000000000061       ,    -1.5909069487458932E-012
   1170.0000000000061       ,    -1.5882158893043599E-012
   1171.0000000000061       ,    -1.5855316290593222E-012
   1172.0000000000064       ,    -1.5828541451764245E-012
   1173.0000000000064       ,    -1.5801834149167816E-012
   1174.0000000000064       ,    -1.5775194156363318E-012
   1175.0000000000066       ,    -1.5748621247854608E-012
   1176.0000000000066       ,    -1.5722115199096617E-012
   1177.0000000000066       ,    -1.5695675786474420E-012
   1178.0000000000068       ,    -1.5669302787307706E-012
   1179.0000000000068       ,    -1.5642995979843152E-012
   1180.0000000000068       ,    -1.5616755143251521E-012
   1181.0000000000070       ,    -1.5590580057622586E-012
   1182.0000000000070       ,    -1.5564470503959279E-012
   1183.0000000000070       ,    -1.5538426264173876E-012
   1184.0000000000073       ,    -1.5512447121087675E-012
   1185.0000000000073       ,    -1.5486532858412284E-012
   1186.0000000000073       ,    -1.5460683260771672E-012
   1187.0000000000075       ,    -1.5434898113665580E-012
   1188.0000000000075       ,    -1.5409177203490562E-012
   1189.0000000000075       ,    -1.5383520317517630E-012
   1190.0000000000077       ,    -1.5357927243906504E-012
   1191.0000000000077       ,    -1.5332397771682994E-012
   1192.0000000000077       ,    -1.5306931690749978E-012
   1193.0000000000080       ,    -1.5281528791865339E-012
   1194.0000000000080       ,    -1.5256188866658739E-012
   1195.0000000000080       ,    -1.5230911707609641E-012
   1196.0000000000082       ,    -1.5205697108051173E-012
   1197.0000000000082       ,    -1.5180544862173348E-012
   1198.0000000000082       ,    -1.5155454764998099E-012
   1199.0000000000084       ,    -1.5130426612394380E-012
   1200.0000000000084       ,    -1.5105460201065651E-012
   1201.0000000000084       ,    -1.5080555328550490E-012
   1202.0000000000086       ,    -1.5055711793212839E-012
   1203.0000000000086       ,    -1.5030929394238364E-012
   1204.0000000000086       ,    -1.5006207931635140E-012
   1205.0000000000089       ,    -1.4981547206228861E-012
   1206.0000000000089       ,    -1.4956947019651725E-012
   1207.0000000000089       ,    -1.4932407174348923E-012
   1208.0000000000091       ,    -1.4907927473568471E-012
   1209.0000000000091       ,    -1.4883507721353021E-012
   1210.0000000000091       ,    -1.4859147722552247E-012
   1211.0000000000093       ,    -1.4834847282797800E-012
   1212.0000000000093       ,    -1.4810606208514735E-012
   1213.0000000000093       ,    -1.4786424306909499E-012
   1214.0000000000095       ,    -1.4762301385975961E-012
   1215.0000000000095       ,    -1.4738237254473589E-012
   1216.0000000000095       ,    -1.4714231721950261E-012
   1217.0000000000098       ,    -1.4690284598711441E-012
   1218.0000000000098       ,    -1.4666395695828956E-012
   1219.0000000000098       ,    -1.4642564825141592E-012
   1220.0000000000100       ,    -1.4618791799246218E-012
   1221.0000000000100       ,    -1.4595076431488929E-012
   1222.0000000000100       ,    -1.4571418535975372E-012
   1223.0000000000102       ,    -1.4547817927549601E-012
   1224.0000000000102       ,    -1.4524274421808784E-012
   1225.0000000000102       ,    -1.4500787835080404E-012
   1226.0000000000105       ,    -1.4477357984434980E-012
   1227.0000000000105       ,    -1.4453984687677319E-012
   1228.0000000000105       ,    -1.4430667763337661E-012
   1229.0000000000107       ,    -1.4407407030675894E-012
   1230.0000000000107       ,    -1.4384202309668972E-012
   1231.0000000000107       ,    -1.4361053421022499E-012
   1232.0000000000109       ,    -1.4337960186146147E-012
   1233.0000000000109       ,    -1.4314922427174044E-012
   1234.0000000000109       ,    -1.4291939966940642E-012
   1235.0000000000111       ,    -1.4269012628985779E-012
   1236.0000000000111       ,    -1.4246140237561211E-012
   1237.0000000000111       ,    -1.4223322617603991E-012
   1238.0000000000114       ,    -1.4200559594757146E-012
   1239.0000000000114       ,    -1.4177850995353185E-012
   1240.0000000000114       ,    -1.4155196646407852E-012
   1241.0000000000116       ,    -1.4132596375635004E-012
   1242.0000000000116       ,    -1.4110050011414361E-012
   1243.0000000000116       ,    -1.4087557382819186E-012
   1244.0000000000118       ,    -1.4065118319592933E-012
   1245.0000000000118       ,    -1.4042732652148259E-012
   1246.0000000000118       ,    -1.4020400211575495E-012
   1247.0000000000121       ,    -1.3998120829622595E-012
   1248.0000000000121       ,    -1.3975894338710736E-012
   1249.0000000000121       ,    -1.3953720571909744E-012
   1250.0000000000123       ,    -1.3931599362956263E-012
   1251.0000000000123       ,    -1.3909530546239645E-012
   1252.0000000000123       ,    -1.3887513956790112E-012
   1253.0000000000125       ,    -1.3865549430297408E-012
   1254.0000000000125       ,    -1.3843636803090145E-012
   1255.0000000000125       ,    -1.3821775912138916E-012
   1256.0000000000127       ,    -1.3799966595058446E-012
   1257.0000000000127       ,    -1.3778208690091824E-012
   1258.0000000000127       ,    -1.3756502036113882E-012
   1259.0000000000130       ,    -1.3734846472636689E-012
   1260.0000000000130       ,    -1.3713241839796638E-012
   1261.0000000000130       ,    -1.3691687978352346E-012
   1262.0000000000132       ,    -1.3670184729682737E-012
   1263.0000000000132       ,    -1.3648731935786733E-012
   1264.0000000000132       ,    -1.3627329439274782E-012
   1265.0000000000132       ,    -1.3605977083376489E-012
   1266.0000000000134       ,    -1.3584674711924254E-012
   1267.0000000000134       ,    -1.3563422169358719E-012
   1268.0000000000134       ,    -1.3542219300727638E-012
   1269.0000000000136       ,    -1.3521065951675055E-012
   1270.0000000000136       ,    -1.3499961968448665E-012
   1271.0000000000136       ,    -1.3478907197885788E-012
   1272.0000000000139       ,    -1.3457901487416432E-012
   1273.0000000000139       ,    -1.3436944685067766E-012
   1274.0000000000139       ,    -1.3416036639447652E-012
   1275.0000000000141       ,    -1.3395177199749354E-012
   1276.0000000000141       ,    -1.3374366215746694E-012
   1277.0000000000141       ,    -1.3353603537799315E-012
   1278.0000000000143       ,    -1.3332889016837355E-012
   1279.0000000000143       ,    -1.3312222504360392E-012
   1280.0000000000143       ,    -1.3291603852450216E-012
   1281.0000000000146       ,    -1.3271032913750869E-012
   1282.0000000000146       ,    -1.3250509541468168E-012
   1283.0000000000146       ,    -1.3230033589378120E-012
   1284.0000000000148       ,    -1.3209604911816934E-012
   1285.0000000000148       ,    -1.3189223363673055E-012
   1286.0000000000148       ,    -1.3168888800397144E-012
   1287.0000000000150       ,    -1.3148601077992026E-012
   1288.0000000000150       ,    -1.3128360053001408E-012
   1289.0000000000150       ,    -1.3108165582530579E-012
   1290.0000000000152       ,    -1.3088017524219215E-012
   1291.0000000000152       ,    -1.3067915736259494E-012
   1292.0000000000152       ,    -1.3047860077377226E-012
   1293.0000000000155       ,    -1.3027850406837991E-012
   1294.0000000000155       ,    -1.3007886584442850E-012
   1295.0000000000155       ,    -1.2987968470523103E-012
   1296.0000000000157       ,    -1.2968095925952217E-012
   1297.0000000000157       ,    -1.2948268812113276E-012
   1298.0000000000157       ,    -1.2928486990931454E-012
   1299.0000000000159       ,    -1.2908750324849257E-012
   1300.0000000000159       ,    -1.2889058676828783E-012
   1301.0000000000159       ,    -1.2869411910349085E-012
   1302.0000000000161       ,    -1.2849809889414430E-012
   1303.0000000000161       ,    -1.2830252478533101E-012
   1304.0000000000161       ,    -1.2810739542732819E-012
   1305.0000000000164       ,    -1.2791270947541869E-012
   1306.0000000000164       ,    -1.2771846559006191E-012
   1307.0000000000164       ,    -1.2752466243667552E-012
   1308.0000000000166       ,    -1.2733129868580243E-012
   1309.0000000000166       ,    -1.2713837301283604E-012
   1310.0000000000166       ,    -1.2694588409828941E-012
   1311.0000000000168       ,    -1.2675383062756694E-012
   1312.0000000000168       ,    -1.2656221129104375E-012
   1313.0000000000168       ,    -1.2637102478395428E-012
   1314.0000000000171       ,    -1.2618026980646741E-012
   1315.0000000000171       ,    -1.2598994506361007E-012
   1316.0000000000171       ,    -1.2580004926524494E-012
   1317.0000000000173       ,    -1.2561058112611260E-012
   1318.0000000000173       ,    -1.2542153936566199E-012
   1319.0000000000173       ,    -1.2523292270820117E-012
   1320.0000000000175       ,    -1.2504472988279178E-012
   1321.0000000000175       ,    -1.2485695962316389E-012
   1322.0000000000175       ,    -1.2466961066787824E-012
   1323.0000000000177       ,    -1.2448268176010343E-012
   1324.0000000000177       ,    -1.2429617164773865E-012
   1325.0000000000177       ,    -1.2411007908328229E-012
   1326.0000000000180       ,    -1.2392440282391290E-012
   1327.0000000000180       ,    -1.2373914163141628E-012
   1328.0000000000180       ,    -1.2355429427216510E-012
   1329.0000000000182       ,    -1.2336985951712993E-012
   1330.0000000000182       ,    -1.2318583614175459E-012
   1331.0000000000182       ,    -1.2300222292611768E-012
   1332.0000000000184       ,    -1.2281901865476192E-012
   1333.0000000000184       ,    -1.2263622211668847E-012
   1334.0000000000184       ,    -1.2245383210542970E-012
   1335.0000000000186       ,    -1.2227184741896366E-012
   1336.0000000000186       ,    -1.2209026685965072E-012
   1337.0000000000186       ,    -1.2190908923435348E-012
   1338.0000000000189       ,    -1.2172831335422262E-012
   1339.0000000000189       ,    -1.2154793803485584E-012
   1340.0000000000189       ,    -1.2136796209621188E-012
   1341.0000000000191       ,    -1.2118838436252432E-012
   1342.0000000000191       ,    -1.2100920366238014E-012
   1343.0000000000191       ,    -1.2083041882870494E-012
   1344.0000000000193       ,    -1.2065202869863050E-012
   1345.0000000000193       ,    -1.2047403211360230E-012
   1346.0000000000193       ,    -1.2029642791924421E-012
   1347.0000000000196       ,    -1.2011921496551544E-012
   1348.0000000000196       ,    -1.1994239210647731E-012
   1349.0000000000196       ,    -1.1976595820038616E-012
   1350.0000000000198       ,    -1.1958991210972616E-012
   1351.0000000000198       ,    -1.1941425270107919E-012
   1352.0000000000198       ,    -1.1923897884518551E-012
   1353.0000000000200       ,    -1.1906408941688619E-012
   1354.0000000000200       ,    -1.1888958329513697E-012
   1355.0000000000200       ,    -1.1871545936293070E-012
   1356.0000000000202       ,    -1.1854171650736220E-012
   1357.0000000000202       ,    -1.1836835361954666E-012
   1358.0000000000202       ,    -1.1819536959461089E-012
   1359.0000000000205       ,    -1.1802276333175343E-012
   1360.0000000000205       ,    -1.1785053373408694E-012
   1361.0000000000205       ,    -1.1767867970872180E-012
   1362.0000000000207       ,    -1.1750720016674635E-012
   1363.0000000000207       ,    -1.1733609402312610E-012
   1364.0000000000207       ,    -1.1716536019684041E-012
   1365.0000000000209       ,    -1.1699499761071849E-012
   1366.0000000000209       ,    -1.1682500519146327E-012
   1367.0000000000209       ,    -1.1665538186967881E-012
   1368.0000000000211       ,    -1.1648612657978114E-012
   1369.0000000000211       ,    -1.1631723826007511E-012
   1370.0000000000211       ,    -1.1614871585266942E-012
   1371.0000000000214       ,    -1.1598055830347518E-012
   1372.0000000000214       ,    -1.1581276456216424E-012
   1373.0000000000214       ,    -1.1564533358220145E-012
   1374.0000000000216       ,    -1.1547826432083518E-012
   1375.0000000000216       ,    -1.1531155573902488E-012
   1376.0000000000216       ,    -1.1514520680139131E-012
   1377.0000000000216       ,    -1.1497921647641887E-012
   1378.0000000000218       ,    -1.1481358373611353E-012
   1379.0000000000218       ,    -1.1464830755627178E-012
   1380.0000000000218       ,    -1.1448338691631687E-012
   1381.0000000000221       ,    -1.1431882079926651E-012
   1382.0000000000221       ,    -1.1415460819182736E-012
   1383.0000000000221       ,    -1.1399074808431421E-012
   1384.0000000000223       ,    -1.1382723947061420E-012
   1385.0000000000223       ,    -1.1366408134819126E-012
   1386.0000000000223       ,    -1.1350127271812236E-012
   1387.0000000000225       ,    -1.1333881258502173E-012
   1388.0000000000225       ,    -1.1317669995695454E-012
   1389.0000000000225       ,    -1.1301493384562573E-012
   1390.0000000000227       ,    -1.1285351326620379E-012
   1391.0000000000227       ,    -1.1269243723731738E-012
   1392.0000000000227       ,    -1.1253170478110426E-012
   1393.0000000000230       ,    -1.1237131492315499E-012
   1394.0000000000230       ,    -1.1221126669252883E-012
   1395.0000000000230       ,    -1.1205155912170478E-012
   1396.0000000000232       ,    -1.1189219124648942E-012
   1397.0000000000232       ,    -1.1173316210628246E-012
   1398.0000000000232       ,    -1.1157447074373836E-012
   1399.0000000000234       ,    -1.1141611620487498E-012
   1400.0000000000234       ,    -1.1125809753913821E-012
   1401.0000000000234       ,    -1.1110041379928395E-012
   1402.0000000000236       ,    -1.1094306404142058E-012
   1403.0000000000236       ,    -1.1078604732497340E-012
   1404.0000000000236       ,    -1.1062936271264126E-012
   1405.0000000000239       ,    -1.1047300927042278E-012
   1406.0000000000239       ,    -1.1031698606765421E-012
   1407.0000000000239       ,    -1.1016129217685616E-012
   1408.0000000000241       ,    -1.1000592667381051E-012
   1409.0000000000241       ,    -1.0985088863756997E-012
   1410.0000000000241       ,    -1.0969617715039755E-012
   1411.0000000000243       ,    -1.0954179129774751E-012
   1412.0000000000243       ,    -1.0938773016828723E-012
   1413.0000000000243       ,    -1.0923399285381778E-012
   1414.0000000000246       ,    -1.0908057844944106E-012
   1415.0000000000246       ,    -1.0892748605322385E-012
   1416.0000000000246       ,    -1.0877471476652804E-012
   1417.0000000000248       ,    -1.0862226369375841E-012
   1418.0000000000248       ,    -1.0847013194250365E-012
   1419.0000000000248       ,    -1.0831831862337426E-012
   1420.0000000000250       ,    -1.0816682285014529E-012
   1421.0000000000250       ,    -1.0801564373961160E-012
   1422.0000000000250       ,    -1.0786478041169835E-012
   1423.0000000000252       ,    -1.0771423198928315E-012
   1424.0000000000252       ,    -1.0756399759839425E-012
   1425.0000000000252       ,    -1.0741407636801865E-012
   1426.0000000000255       ,    -1.0726446743015738E-012
   1427.0000000000255       ,    -1.0711516991981798E-012
   1428.0000000000255       ,    -1.0696618297502767E-012
   1429.0000000000257       ,    -1.0681750573677203E-012
   1430.0000000000257       ,    -1.0666913734897327E-012
   1431.0000000000257       ,    -1.0652107695852601E-012
   1432.0000000000259       ,    -1.0637332371527205E-012
   1433.0000000000259       ,    -1.0622587677200515E-012
   1434.0000000000259       ,    -1.0607873528436170E-012
   1435.0000000000261       ,    -1.0593189841093572E-012
   1436.0000000000261       ,    -1.0578536531320078E-012
   1437.0000000000261       ,    -1.0563913515552317E-012
   1438.0000000000264       ,    -1.0549320710509974E-012
   1439.0000000000264       ,    -1.0534758033203525E-012
   1440.0000000000264       ,    -1.0520225400922704E-012
   1441.0000000000266       ,    -1.0505722731245137E-012
   1442.0000000000266       ,    -1.0491249942025073E-012
   1443.0000000000266       ,    -1.0476806951402362E-012
   1444.0000000000268       ,    -1.0462393677794235E-012
   1445.0000000000268       ,    -1.0448010039897186E-012
   1446.0000000000268       ,    -1.0433655956687604E-012
   1447.0000000000271       ,    -1.0419331347415112E-012
   1448.0000000000271       ,    -1.0405036131603875E-012
   1449.0000000000271       ,    -1.0390770229054799E-012
   1450.0000000000273       ,    -1.0376533559840409E-012
   1451.0000000000273       ,    -1.0362326044305320E-012
   1452.0000000000273       ,    -1.0348147603065081E-012
   1453.0000000000275       ,    -1.0333998157007101E-012
   1454.0000000000275       ,    -1.0319877627279935E-012
   1455.0000000000275       ,    -1.0305785935307986E-012
   1456.0000000000277       ,    -1.0291723002779025E-012
   1457.0000000000277       ,    -1.0277688751644853E-012
   1458.0000000000277       ,    -1.0263683104122824E-012
   1459.0000000000280       ,    -1.0249705982693923E-012
   1460.0000000000280       ,    -1.0235757310097694E-012
   1461.0000000000280       ,    -1.0221837009340577E-012
   1462.0000000000282       ,    -1.0207945003684733E-012
   1463.0000000000282       ,    -1.0194081216650589E-012
   1464.0000000000282       ,    -1.0180245572021495E-012
   1465.0000000000284       ,    -1.0166437993830555E-012
   1466.0000000000284       ,    -1.0152658406372586E-012
   1467.0000000000284       ,    -1.0138906734197264E-012
   1468.0000000000286       ,    -1.0125182902100022E-012
   1469.0000000000286       ,    -1.0111486835139191E-012
   1470.0000000000286       ,    -1.0097818458617851E-012
   1471.0000000000289       ,    -1.0084177698095065E-012
   1472.0000000000289       ,    -1.0070564479373029E-012
   1473.0000000000289       ,    -1.0056978728509448E-012
   1474.0000000000291       ,    -1.0043420371805840E-012
   1475.0000000000291       ,    -1.0029889335809802E-012
   1476.0000000000291       ,    -1.0016385547317402E-012
   1477.0000000000293       ,    -1.0002908933365534E-012
   1478.0000000000293       ,    -9.9894594212410419E-013
   1479.0000000000293       ,    -9.9760369384648066E-013
   1480.0000000000296       ,    -9.9626414128093979E-013
   1481.0000000000296       ,    -9.9492727722815308E-013
   1482.0000000000296       ,    -9.9359309451269463E-013
   1483.0000000000298       ,    -9.9226158598332654E-013
   1484.0000000000298       ,    -9.9093274451288839E-013
   1485.0000000000298       ,    -9.8960656299731033E-013
   1486.0000000000300       ,    -9.8828303435644835E-013
   1487.0000000000300       ,    -9.8696215153359618E-013
   1488.0000000000300       ,    -9.8564390749549577E-013
   1489.0000000000302       ,    -9.8432829523231446E-013
   1490.0000000000302       ,    -9.8301530775727242E-013
   1491.0000000000302       ,    -9.8170493810662467E-013
   1492.0000000000302       ,    -9.8039717934008130E-013
   1493.0000000000305       ,    -9.7909202453993307E-013
   1494.0000000000305       ,    -9.7778946681162190E-013
   1495.0000000000305       ,    -9.7648949928307930E-013
   1496.0000000000307       ,    -9.7519211510500300E-013
   1497.0000000000307       ,    -9.7389730745100464E-013
   1498.0000000000307       ,    -9.7260506951668880E-013
   1499.0000000000309       ,    -9.7131539452039991E-013
   1500.0000000000309       ,    -9.7002827570276553E-013
