   1.0000000000000000       ,     3.9363452310423849E-006
   2.0000000000000000       ,     8.4986921052031425E-007
   3.0000000000000004       ,     3.4160998761505514E-007
   4.0000000000000000       ,     1.8037858118257964E-007
   5.0000000000000000       ,     1.1128101650131226E-007
   6.0000000000000000       ,     7.5814037772462531E-008
   7.0000000000000000       ,     5.5243968457071708E-008
   8.0000000000000000       ,     4.2213347662083247E-008
   9.0000000000000018       ,     3.3394199095925934E-008
   10.000000000000002       ,     2.7114278664209796E-008
   11.000000000000002       ,     2.2461364964533198E-008
   12.000000000000004       ,     1.8903690062782984E-008
   13.000000000000004       ,     1.6113787147294705E-008
   14.000000000000005       ,     1.3880491459975179E-008
   15.000000000000005       ,     1.2062201344600808E-008
   16.000000000000004       ,     1.0560728500444180E-008
   17.000000000000004       ,     9.3059964589218812E-009
   18.000000000000004       ,     8.2467293142365996E-009
   19.000000000000000       ,     7.3445866235066891E-009
   20.000000000000000       ,     6.5703540134203344E-009
   21.000000000000000       ,     5.9014002999550043E-009
   22.000000000000000       ,     5.3199378511476212E-009
   22.999999999999996       ,     4.8118058838664788E-009
   23.999999999999996       ,     4.3656023773702284E-009
   24.999999999999996       ,     3.9720534629428591E-009
   25.999999999999993       ,     3.6235477962446733E-009
   26.999999999999993       ,     3.3137876286350775E-009
   27.999999999999993       ,     3.0375237951147619E-009
   28.999999999999993       ,     2.7903519629612830E-009
   29.999999999999989       ,     2.5685542260972256E-009
   30.999999999999993       ,     2.3689746946212016E-009
   31.999999999999996       ,     2.1889208705680211E-009
   33.000000000000000       ,     2.0260847953610044E-009
   34.000000000000000       ,     1.8784795089392823E-009
   35.000000000000000       ,     1.7443874760883402E-009
   36.000000000000007       ,     1.6223184459419294E-009
   37.000000000000007       ,     1.5109748059611010E-009
   38.000000000000007       ,     1.4092229338325826E-009
   39.000000000000014       ,     1.3160693823092940E-009
   40.000000000000014       ,     1.2306409829640328E-009
   41.000000000000014       ,     1.1521681466055854E-009
   42.000000000000021       ,     1.0799707855048153E-009
   43.000000000000021       ,     1.0134463972326345E-009
   44.000000000000021       ,     9.5205993923657626E-010
   45.000000000000028       ,     8.9533519378470472E-010
   46.000000000000028       ,     8.4284737854084622E-010
   47.000000000000028       ,     7.9421680251692654E-010
   48.000000000000036       ,     7.4910340266721884E-010
   49.000000000000036       ,     7.0720202505183126E-010
   50.000000000000036       ,     6.6823833769645307E-010
   51.000000000000043       ,     6.3196528114321149E-010
   52.000000000000043       ,     5.9815997808421449E-010
   53.000000000000043       ,     5.6662103614490339E-010
   54.000000000000050       ,     5.3716618829748622E-010
   55.000000000000050       ,     5.0963022400687558E-010
   56.000000000000050       ,     4.8386317139073585E-010
   57.000000000000057       ,     4.5972869661451780E-010
   58.000000000000057       ,     4.3710269176179664E-010
   59.000000000000057       ,     4.1587202658461274E-010
   60.000000000000064       ,     3.9593344307196425E-010
   61.000000000000057       ,     3.7719257473638272E-010
   62.000000000000050       ,     3.5956307504905501E-010
   63.000000000000050       ,     3.4296584156994624E-010
   64.000000000000043       ,     3.2732832414894032E-010
   65.000000000000043       ,     3.1258390711820993E-010
   66.000000000000028       ,     2.9867135672102888E-010
   67.000000000000028       ,     2.8553432615487538E-010
   68.000000000000028       ,     2.7312091159006567E-010
   69.000000000000028       ,     2.6138325334989292E-010
   70.000000000000014       ,     2.5027717718058496E-010
   71.000000000000014       ,     2.3976187114971768E-010
   72.000000000000014       ,     2.2979959426118428E-010
   73.000000000000000       ,     2.2035541334884565E-010
   74.000000000000000       ,     2.1139696520781973E-010
   75.000000000000000       ,     2.0289424129190736E-010
   75.999999999999986       ,     1.9481939261012378E-010
   76.999999999999986       ,     1.8714655272514188E-010
   77.999999999999986       ,     1.7985167699894528E-010
   78.999999999999986       ,     1.7291239643590034E-010
   79.999999999999972       ,     1.6630788465918081E-010
   80.999999999999972       ,     1.6001873671366889E-010
   81.999999999999972       ,     1.5402685853498833E-010
   82.999999999999957       ,     1.4831536604656788E-010
   83.999999999999957       ,     1.4286849295681972E-010
   84.999999999999957       ,     1.3767150642689701E-010
   85.999999999999943       ,     1.3271062986677169E-010
   86.999999999999943       ,     1.2797297219456343E-010
   87.999999999999943       ,     1.2344646295779591E-010
   88.999999999999943       ,     1.1911979278229971E-010
   89.999999999999929       ,     1.1498235866398839E-010
   90.999999999999929       ,     1.1102421366696760E-010
   91.999999999999929       ,     1.0723602063803689E-010
   92.999999999999915       ,     1.0360900957815876E-010
   93.999999999999915       ,     1.0013493835874230E-010
   94.999999999999915       ,     9.6806056484723287E-011
   95.999999999999901       ,     9.3615071647503581E-011
   96.999999999999901       ,     9.0555118829879465E-011
   97.999999999999901       ,     8.7619731745290155E-011
   98.999999999999901       ,     8.4802816418716155E-011
   99.999999999999886       ,     8.2098626730225908E-011
   100.99999999999989       ,     7.9501741760476070E-011
   101.99999999999989       ,     7.7007044790469924E-011
   102.99999999999987       ,     7.4609703822413898E-011
   103.99999999999987       ,     7.2305153500056989E-011
   104.99999999999987       ,     7.0089078316814735E-011
   105.99999999999986       ,     6.7957397009373488E-011
   106.99999999999986       ,     6.5906248046449178E-011
   107.99999999999986       ,     6.3931976124854573E-011
   108.99999999999986       ,     6.2031119597206008E-011
   109.99999999999984       ,     6.0200398760061026E-011
   110.99999999999984       ,     5.8436704936231559E-011
   111.99999999999984       ,     5.6737090292674391E-011
   112.99999999999983       ,     5.5098758339009992E-011
   113.99999999999983       ,     5.3519055055190522E-011
   114.99999999999983       ,     5.1995460603673430E-011
   115.99999999999982       ,     5.0525581582977322E-011
   116.99999999999982       ,     4.9107143782281356E-011
   117.99999999999982       ,     4.7737985403041887E-011
   118.99999999999982       ,     4.6416050713258689E-011
   119.99999999999980       ,     4.5139384103525420E-011
   120.99999999999980       ,     4.3906124517272393E-011
   121.99999999999980       ,     4.2714500229286879E-011
   122.99999999999979       ,     4.1562823947521237E-011
   123.99999999999979       ,     4.0449488216756232E-011
   124.99999999999979       ,     3.9372961103226724E-011
   125.99999999999977       ,     3.8331782141144264E-011
   126.99999999999977       ,     3.7324558523860036E-011
   127.99999999999977       ,     3.6349961522611308E-011
   128.99999999999977       ,     3.5406723118459410E-011
   129.99999999999977       ,     3.4493632833060411E-011
   130.99999999999974       ,     3.3609534745041090E-011
   131.99999999999974       ,     3.2753324680905647E-011
   132.99999999999974       ,     3.1923947567218899E-011
   133.99999999999974       ,     3.1120394936101034E-011
   134.99999999999974       ,     3.0341702572874333E-011
   135.99999999999974       ,     2.9586948296540437E-011
   136.99999999999974       ,     2.8855249865765116E-011
   137.99999999999972       ,     2.8145763002612302E-011
   138.99999999999972       ,     2.7457679524978605E-011
   139.99999999999972       ,     2.6790225583247363E-011
   140.99999999999972       ,     2.6142659993286632E-011
   141.99999999999972       ,     2.5514272660601726E-011
   142.99999999999972       ,     2.4904383089884385E-011
   143.99999999999969       ,     2.4312338974754985E-011
   144.99999999999969       ,     2.3737514863224626E-011
   145.99999999999969       ,     2.3179310893848113E-011
   146.99999999999969       ,     2.2637151599369562E-011
   147.99999999999969       ,     2.2110484772263255E-011
   148.99999999999969       ,     2.1598780390552330E-011
   149.99999999999969       ,     2.1101529598856330E-011
   150.99999999999966       ,     2.0618243741968213E-011
   151.99999999999966       ,     2.0148453448636907E-011
   152.99999999999966       ,     1.9691707761220143E-011
   153.99999999999966       ,     1.9247573310170757E-011
   154.99999999999966       ,     1.8815633529923484E-011
   155.99999999999966       ,     1.8395487913934250E-011
   156.99999999999966       ,     1.7986751307001967E-011
   157.99999999999963       ,     1.7589053232880281E-011
   158.99999999999963       ,     1.7202037254229909E-011
   159.99999999999963       ,     1.6825360365014107E-011
   160.99999999999963       ,     1.6458692411511096E-011
   161.99999999999963       ,     1.6101715542146164E-011
   162.99999999999963       ,     1.5754123683111350E-011
   163.99999999999960       ,     1.5415622039757334E-011
   164.99999999999960       ,     1.5085926621350792E-011
   165.99999999999960       ,     1.4764763788211619E-011
   166.99999999999960       ,     1.4451869820834611E-011
   167.99999999999960       ,     1.4146990508416678E-011
   168.99999999999960       ,     1.3849880757034116E-011
   169.99999999999960       ,     1.3560304215926329E-011
   170.99999999999957       ,     1.3278032920846483E-011
   171.99999999999957       ,     1.3002846954035634E-011
   172.99999999999957       ,     1.2734534119303206E-011
   173.99999999999957       ,     1.2472889632268670E-011
   174.99999999999957       ,     1.2217715824549936E-011
   175.99999999999957       ,     1.1968821860714257E-011
   176.99999999999957       ,     1.1726023468596028E-011
   177.99999999999955       ,     1.1489142681128905E-011
   178.99999999999955       ,     1.1258007589800886E-011
   179.99999999999955       ,     1.1032452108766948E-011
   180.99999999999955       ,     1.0812315749538052E-011
   181.99999999999955       ,     1.0597443405297780E-011
   182.99999999999955       ,     1.0387685144554595E-011
   183.99999999999952       ,     1.0182896013867628E-011
   184.99999999999952       ,     9.9829358488884251E-012
   185.99999999999952       ,     9.7876690933872560E-012
   186.99999999999952       ,     9.5969646262562848E-012
   187.99999999999952       ,     9.4106955955948050E-012
   188.99999999999952       ,     9.2287392597258387E-012
   189.99999999999952       ,     9.0509768350631026E-012
   190.99999999999949       ,     8.8772933502335920E-012
   191.99999999999949       ,     8.7075775062795502E-012
   192.99999999999949       ,     8.5417215424474942E-012
   193.99999999999949       ,     8.3796211077292310E-012
   194.99999999999949       ,     8.2211751375555636E-012
   195.99999999999949       ,     8.0662857355032921E-012
   196.99999999999949       ,     7.9148580597281430E-012
   197.99999999999946       ,     7.7668002141164677E-012
   198.99999999999946       ,     7.6220231437219060E-012
   199.99999999999946       ,     7.4804405343014532E-012
   200.99999999999946       ,     7.3419687160014920E-012
   201.99999999999946       ,     7.2065265708078713E-012
   202.99999999999946       ,     7.0740354434761673E-012
   203.99999999999943       ,     6.9444190562396543E-012
   204.99999999999943       ,     6.8176034265866236E-012
   205.99999999999943       ,     6.6935167883835005E-012
   206.99999999999943       ,     6.5720895160201069E-012
   207.99999999999943       ,     6.4532540514345571E-012
   208.99999999999943       ,     6.3369448339663703E-012
   209.99999999999943       ,     6.2230982328587205E-012
   210.99999999999940       ,     6.1116524824603843E-012
   211.99999999999940       ,     6.0025476195733785E-012
   212.99999999999940       ,     5.8957254235516081E-012
   213.99999999999940       ,     5.7911293583385567E-012
   214.99999999999940       ,     5.6887045168504788E-012
   215.99999999999940       ,     5.5883975672582003E-012
   216.99999999999937       ,     5.4901567014369196E-012
   217.99999999999937       ,     5.3939315852310496E-012
   218.99999999999937       ,     5.2996733105404419E-012
   219.99999999999937       ,     5.2073343492092087E-012
   220.99999999999937       ,     5.1168685083992252E-012
   221.99999999999937       ,     5.0282308880021758E-012
   222.99999999999937       ,     4.9413778390568941E-012
   223.99999999999935       ,     4.8562669240999791E-012
   224.99999999999935       ,     4.7728568786564668E-012
   225.99999999999935       ,     4.6911075743322916E-012
   226.99999999999935       ,     4.6109799829711149E-012
   227.99999999999935       ,     4.5324361422617296E-012
   228.99999999999935       ,     4.4554391224772766E-012
   229.99999999999935       ,     4.3799529944632713E-012
   230.99999999999932       ,     4.3059427985854514E-012
   231.99999999999932       ,     4.2333745149480494E-012
   232.99999999999932       ,     4.1622150344625948E-012
   233.99999999999932       ,     4.0924321310760404E-012
   234.99999999999932       ,     4.0239944348660900E-012
   235.99999999999932       ,     3.9568714060552217E-012
   236.99999999999929       ,     3.8910333099332219E-012
   237.99999999999929       ,     3.8264511926395066E-012
   238.99999999999932       ,     3.7630968577507003E-012
   239.99999999999935       ,     3.7009428436687206E-012
   240.99999999999937       ,     3.6399624017225963E-012
   241.99999999999937       ,     3.5801294751228300E-012
   242.99999999999940       ,     3.5214186784730448E-012
   243.99999999999943       ,     3.4638052779610619E-012
   244.99999999999946       ,     3.4072651724485068E-012
   245.99999999999949       ,     3.3517748748259645E-012
   246.99999999999949       ,     3.2973114942610204E-012
   247.99999999999952       ,     3.2438527188870405E-012
   248.99999999999955       ,     3.1913767991094704E-012
   249.99999999999957       ,     3.1398625313863410E-012
   250.99999999999957       ,     3.0892892426728499E-012
   251.99999999999960       ,     3.0396367751534391E-012
   252.99999999999963       ,     2.9908854717865118E-012
   253.99999999999966       ,     2.9430161618778325E-012
   254.99999999999969       ,     2.8960101474697757E-012
   255.99999999999969       ,     2.8498491900912022E-012
   256.99999999999972       ,     2.8045154978119708E-012
   257.99999999999972       ,     2.7599917127331426E-012
   258.99999999999977       ,     2.7162608989850963E-012
   259.99999999999977       ,     2.6733065309902050E-012
   260.99999999999983       ,     2.6311124821312992E-012
   261.99999999999983       ,     2.5896630137635764E-012
   262.99999999999983       ,     2.5489427645432898E-012
   263.99999999999989       ,     2.5089367401667630E-012
   264.99999999999989       ,     2.4696303033369722E-012
   265.99999999999994       ,     2.4310091640703278E-012
   266.99999999999994       ,     2.3930593702963905E-012
   267.99999999999994       ,     2.3557672987612973E-012
   269.00000000000000       ,     2.3191196461479190E-012
   270.00000000000000       ,     2.2831034206028224E-012
   271.00000000000006       ,     2.2477059333248434E-012
   272.00000000000006       ,     2.2129147905610142E-012
   273.00000000000006       ,     2.1787178857564190E-012
   274.00000000000011       ,     2.1451033919963702E-012
   275.00000000000011       ,     2.1120597546142655E-012
   276.00000000000011       ,     2.0795756840705926E-012
   277.00000000000017       ,     2.0476401489994350E-012
   278.00000000000017       ,     2.0162423695240333E-012
   279.00000000000023       ,     1.9853718106369496E-012
   280.00000000000023       ,     1.9550181759545018E-012
   281.00000000000023       ,     1.9251714014984966E-012
   282.00000000000028       ,     1.8958216497470496E-012
   283.00000000000028       ,     1.8669593038005617E-012
   284.00000000000034       ,     1.8385749617992948E-012
   285.00000000000034       ,     1.8106594313686087E-012
   286.00000000000034       ,     1.7832037243349482E-012
   287.00000000000040       ,     1.7561990516117602E-012
   288.00000000000040       ,     1.7296368180729713E-012
   289.00000000000045       ,     1.7035086177821083E-012
   290.00000000000045       ,     1.6778062291530729E-012
   291.00000000000045       ,     1.6525216104231078E-012
   292.00000000000051       ,     1.6276468951300744E-012
   293.00000000000051       ,     1.6031743877696866E-012
   294.00000000000057       ,     1.5790965595670254E-012
   295.00000000000057       ,     1.5554060443764773E-012
   296.00000000000057       ,     1.5320956346469790E-012
   297.00000000000063       ,     1.5091582775633792E-012
   298.00000000000063       ,     1.4865870712559891E-012
   299.00000000000063       ,     1.4643752611268321E-012
   300.00000000000068       ,     1.4425162362532307E-012
   301.00000000000068       ,     1.4210035259534574E-012
   302.00000000000074       ,     1.3998307963221195E-012
   303.00000000000074       ,     1.3789918470415548E-012
   304.00000000000074       ,     1.3584806080872760E-012
   305.00000000000080       ,     1.3382911366560678E-012
   306.00000000000080       ,     1.3184176141107478E-012
   307.00000000000085       ,     1.2988543430497283E-012
   308.00000000000085       ,     1.2795957444170439E-012
   309.00000000000085       ,     1.2606363547176157E-012
   310.00000000000091       ,     1.2419708232617432E-012
   311.00000000000091       ,     1.2235939095598859E-012
   312.00000000000097       ,     1.2055004807222272E-012
   313.00000000000097       ,     1.1876855089244276E-012
   314.00000000000097       ,     1.1701440689978628E-012
   315.00000000000102       ,     1.1528713360228508E-012
   316.00000000000102       ,     1.1358625830008702E-012
   317.00000000000108       ,     1.1191131786075684E-012
   318.00000000000108       ,     1.1026185850217521E-012
   319.00000000000108       ,     1.0863743557064236E-012
   320.00000000000114       ,     1.0703761333665647E-012
   321.00000000000114       ,     1.0546196479328118E-012
   322.00000000000114       ,     1.0391007145153497E-012
   323.00000000000119       ,     1.0238152315279301E-012
   324.00000000000119       ,     1.0087591787602764E-012
   325.00000000000125       ,     9.9392861561336383E-013
   326.00000000000125       ,     9.7931967920036189E-013
   327.00000000000125       ,     9.6492858269118773E-013
   328.00000000000131       ,     9.5075161356692232E-013
   329.00000000000131       ,     9.3678513200580105E-013
   330.00000000000136       ,     9.2302556920395800E-013
   331.00000000000136       ,     9.0946942585635754E-013
   332.00000000000136       ,     8.9611327058905956E-013
   333.00000000000142       ,     8.8295373845939938E-013
   334.00000000000142       ,     8.6998752952020439E-013
   335.00000000000148       ,     8.5721140736707182E-013
   336.00000000000148       ,     8.4462219776369899E-013
   337.00000000000148       ,     8.3221678727585256E-013
   338.00000000000153       ,     8.1999212195646410E-013
   339.00000000000153       ,     8.0794520607317850E-013
   340.00000000000153       ,     7.9607310076744108E-013
   341.00000000000159       ,     7.8437292295060519E-013
   342.00000000000159       ,     7.7284184401227726E-013
   343.00000000000165       ,     7.6147708866159547E-013
   344.00000000000165       ,     7.5027593384165448E-013
   345.00000000000165       ,     7.3923570754797203E-013
   346.00000000000171       ,     7.2835378777900805E-013
   347.00000000000171       ,     7.1762760144876107E-013
   348.00000000000176       ,     7.0705462338436142E-013
   349.00000000000176       ,     6.9663237529302923E-013
   350.00000000000176       ,     6.8635842476599878E-013
   351.00000000000182       ,     6.7623038432829626E-013
   352.00000000000182       ,     6.6624591049955303E-013
   353.00000000000188       ,     6.5640270286825176E-013
   354.00000000000188       ,     6.4669850318905591E-013
   355.00000000000188       ,     6.3713109450742447E-013
   356.00000000000193       ,     6.2769830031173831E-013
   357.00000000000193       ,     6.1839798369103949E-013
   358.00000000000199       ,     6.0922804651692380E-013
   359.00000000000199       ,     6.0018642864877299E-013
   360.00000000000199       ,     5.9127110714790334E-013
   361.00000000000205       ,     5.8248009552070199E-013
   362.00000000000205       ,     5.7381144297256663E-013
   363.00000000000205       ,     5.6526323367820091E-013
   364.00000000000210       ,     5.5683358607257890E-013
   365.00000000000210       ,     5.4852065217565943E-013
   366.00000000000216       ,     5.4032261686648678E-013
   367.00000000000216       ,     5.3223769725447036E-013
   368.00000000000216       ,     5.2426414204663711E-013
   369.00000000000222       ,     5.1640023086829374E-013
   370.00000000000222       ,     5.0864427368203157E-013
   371.00000000000227       ,     5.0099461015271780E-013
   372.00000000000227       ,     4.9344960909215256E-013
   373.00000000000227       ,     4.8600766782831585E-013
   374.00000000000233       ,     4.7866721170759765E-013
   375.00000000000233       ,     4.7142669345965107E-013
   376.00000000000239       ,     4.6428459274299943E-013
   377.00000000000239       ,     4.5723941553926912E-013
   378.00000000000239       ,     4.5028969369009804E-013
   379.00000000000244       ,     4.4343398435889188E-013
   380.00000000000244       ,     4.3667086954685523E-013
   381.00000000000244       ,     4.2999895562157532E-013
   382.00000000000250       ,     4.2341687282360959E-013
   383.00000000000250       ,     4.1692327481076434E-013
   384.00000000000256       ,     4.1051683819669796E-013
   385.00000000000256       ,     4.0419626213130034E-013
   386.00000000000256       ,     3.9796026784141794E-013
   387.00000000000261       ,     3.9180759822872489E-013
   388.00000000000261       ,     3.8573701741954181E-013
   389.00000000000267       ,     3.7974731041035693E-013
   390.00000000000267       ,     3.7383728262094957E-013
   391.00000000000267       ,     3.6800575951906533E-013
   392.00000000000273       ,     3.6225158627643150E-013
   393.00000000000273       ,     3.5657362733936698E-013
   394.00000000000279       ,     3.5097076609159727E-013
   395.00000000000279       ,     3.4544190450822827E-013
   396.00000000000279       ,     3.3998596278607200E-013
   397.00000000000284       ,     3.3460187900938646E-013
   398.00000000000284       ,     3.2928860882510681E-013
   399.00000000000290       ,     3.2404512508116016E-013
   400.00000000000290       ,     3.1887041754709508E-013
   401.00000000000290       ,     3.1376349258109268E-013
   402.00000000000296       ,     3.0872337281130741E-013
   403.00000000000296       ,     3.0374909685738770E-013
   404.00000000000296       ,     2.9883971901069660E-013
   405.00000000000301       ,     2.9399430896275296E-013
   406.00000000000301       ,     2.8921195152536129E-013
   407.00000000000307       ,     2.8449174633066723E-013
   408.00000000000307       ,     2.7983280758128675E-013
   409.00000000000307       ,     2.7523426377454297E-013
   410.00000000000313       ,     2.7069525745449411E-013
   411.00000000000313       ,     2.6621494492424943E-013
   412.00000000000318       ,     2.6179249603890914E-013
   413.00000000000318       ,     2.5742709392675834E-013
   414.00000000000318       ,     2.5311793476241164E-013
   415.00000000000324       ,     2.4886422754137049E-013
   416.00000000000324       ,     2.4466519383033538E-013
   417.00000000000330       ,     2.4052006754810118E-013
   418.00000000000330       ,     2.3642809475630055E-013
   419.00000000000330       ,     2.3238853342017230E-013
   420.00000000000335       ,     2.2840065321910612E-013
   421.00000000000335       ,     2.2446373532209095E-013
   422.00000000000335       ,     2.2057707218971999E-013
   423.00000000000341       ,     2.1673996738264879E-013
   424.00000000000341       ,     2.1295173533684110E-013
   425.00000000000347       ,     2.0921170121377329E-013
   426.00000000000347       ,     2.0551920067387243E-013
   427.00000000000347       ,     2.0187357971064846E-013
   428.00000000000352       ,     1.9827419447391927E-013
   429.00000000000352       ,     1.9472041106470645E-013
   430.00000000000358       ,     1.9121160540913627E-013
   431.00000000000358       ,     1.8774716303332075E-013
   432.00000000000358       ,     1.8432647894182669E-013
   433.00000000000364       ,     1.8094895741968628E-013
   434.00000000000364       ,     1.7761401189854448E-013
   435.00000000000369       ,     1.7432106477050445E-013
   436.00000000000369       ,     1.7106954726389746E-013
   437.00000000000369       ,     1.6785889926579145E-013
   438.00000000000375       ,     1.6468856919218654E-013
   439.00000000000375       ,     1.6155801383150157E-013
   440.00000000000381       ,     1.5846669819862082E-013
   441.00000000000381       ,     1.5541409540083340E-013
   442.00000000000381       ,     1.5239968650878886E-013
   443.00000000000387       ,     1.4942296039767395E-013
   444.00000000000387       ,     1.4648341363122709E-013
   445.00000000000387       ,     1.4358055034123797E-013
   446.00000000000392       ,     1.4071388206723199E-013
   447.00000000000392       ,     1.3788292766761377E-013
   448.00000000000398       ,     1.3508721316963422E-013
   449.00000000000398       ,     1.3232627166539938E-013
   450.00000000000398       ,     1.2959964318766066E-013
   451.00000000000404       ,     1.2690687459425983E-013
   452.00000000000404       ,     1.2424751945460792E-013
   453.00000000000409       ,     1.2162113792385672E-013
   454.00000000000409       ,     1.1902729666868758E-013
   455.00000000000409       ,     1.1646556872688241E-013
   456.00000000000415       ,     1.1393553340262941E-013
   457.00000000000415       ,     1.1143677619211509E-013
   458.00000000000421       ,     1.0896888864738014E-013
   459.00000000000421       ,     1.0653146829586391E-013
   460.00000000000421       ,     1.0412411854259645E-013
   461.00000000000426       ,     1.0174644855543136E-013
   462.00000000000426       ,     9.9398073195770877E-014
   463.00000000000426       ,     9.7078612910922639E-014
   464.00000000000432       ,     9.4787693642353580E-014
   465.00000000000432       ,     9.2524946745242829E-014
   466.00000000000438       ,     9.0290008896203441E-014
   467.00000000000438       ,     8.8082521995308716E-014
   468.00000000000438       ,     8.5902133105919653E-014
   469.00000000000443       ,     8.3748494352201999E-014
   470.00000000000443       ,     8.1621262837736932E-014
   471.00000000000449       ,     7.9520100579330518E-014
   472.00000000000449       ,     7.7444674416653674E-014
   473.00000000000449       ,     7.5394655930116052E-014
   474.00000000000455       ,     7.3369721386903433E-014
   475.00000000000455       ,     7.1369551647566768E-014
   476.00000000000460       ,     6.9393832087451340E-014
   477.00000000000460       ,     6.7442252549208369E-014
   478.00000000000455       ,     6.5514507243204548E-014
   479.00000000000455       ,     6.3610294703898343E-014
   480.00000000000449       ,     6.1729317711673777E-014
   481.00000000000449       ,     5.9871283211647548E-014
   482.00000000000443       ,     5.8035902271227309E-014
   483.00000000000443       ,     5.6222889999231292E-014
   484.00000000000438       ,     5.4431965491497308E-014
   485.00000000000438       ,     5.2662851765668171E-014
   486.00000000000432       ,     5.0915275691772024E-014
   487.00000000000432       ,     4.9188967947484412E-014
   488.00000000000426       ,     4.7483662949569971E-014
   489.00000000000421       ,     4.5799098790556258E-014
   490.00000000000421       ,     4.4135017199297393E-014
   491.00000000000415       ,     4.2491163457597754E-014
   492.00000000000415       ,     4.0867286374249791E-014
   493.00000000000409       ,     3.9263138209472760E-014
   494.00000000000409       ,     3.7678474634488993E-014
   495.00000000000404       ,     3.6113054667746273E-014
   496.00000000000404       ,     3.4566640640566443E-014
   497.00000000000398       ,     3.3038998122229032E-014
   498.00000000000398       ,     3.1529895888469134E-014
   499.00000000000392       ,     3.0039105873714212E-014
   500.00000000000392       ,     2.8566403109363115E-014
   501.00000000000387       ,     2.7111565688961030E-014
   502.00000000000381       ,     2.5674374713364816E-014
   503.00000000000381       ,     2.4254614248226869E-014
   504.00000000000375       ,     2.2852071282336942E-014
   505.00000000000375       ,     2.1466535681319680E-014
   506.00000000000369       ,     2.0097800134479033E-014
   507.00000000000369       ,     1.8745660136861603E-014
   508.00000000000364       ,     1.7409913913273798E-014
   509.00000000000364       ,     1.6090362411348713E-014
   510.00000000000358       ,     1.4786809235646866E-014
   511.00000000000358       ,     1.3499060620567809E-014
   512.00000000000352       ,     1.2226925383934722E-014
   513.00000000000352       ,     1.0970214896402350E-014
   514.00000000000341       ,     9.7287430358794236E-015
   515.00000000000341       ,     8.5023261530752837E-015
   516.00000000000341       ,     7.2907830428341145E-015
   517.00000000000341       ,     6.0939348873878330E-015
   518.00000000000330       ,     4.9116052459542726E-015
   519.00000000000330       ,     3.7436200010431604E-015
   520.00000000000330       ,     2.5898073331459377E-015
   521.00000000000330       ,     1.4499976814255992E-015
   522.00000000000318       ,     3.2402372154719285E-016
   523.00000000000318       ,    -7.8827967911407747E-016
   524.00000000000318       ,    -1.8870754972929922E-015
   525.00000000000307       ,    -2.9725245643752308E-015
   526.00000000000307       ,    -4.0447856160993463E-015
   527.00000000000307       ,    -5.1040153203448787E-015
   528.00000000000307       ,    -6.1503683006903575E-015
   529.00000000000296       ,    -7.1839971707328255E-015
   530.00000000000296       ,    -8.2050525631766449E-015
   531.00000000000296       ,    -9.2136831536605722E-015
   532.00000000000296       ,    -1.0210035703666217E-014
   533.00000000000284       ,    -1.1194255063930135E-014
   534.00000000000284       ,    -1.2166484227337101E-014
   535.00000000000284       ,    -1.3126864332092592E-014
   536.00000000000284       ,    -1.4075534711735050E-014
   537.00000000000273       ,    -1.5012632900663359E-014
   538.00000000000273       ,    -1.5938294675933855E-014
   539.00000000000273       ,    -1.6852654065342375E-014
   540.00000000000261       ,    -1.7755843392474745E-014
   541.00000000000261       ,    -1.8647993281612463E-014
   542.00000000000261       ,    -1.9529232697733378E-014
   543.00000000000261       ,    -2.0399688956971928E-014
   544.00000000000250       ,    -2.1259487760459625E-014
   545.00000000000250       ,    -2.2108753207546237E-014
   546.00000000000250       ,    -2.2947607831800423E-014
   547.00000000000250       ,    -2.3776172609005111E-014
   548.00000000000239       ,    -2.4594566988247380E-014
   549.00000000000239       ,    -2.5402908904315477E-014
   550.00000000000239       ,    -2.6201314808791241E-014
   551.00000000000227       ,    -2.6989899689730823E-014
   552.00000000000227       ,    -2.7768777084732762E-014
   553.00000000000227       ,    -2.8538059104462223E-014
   554.00000000000227       ,    -2.9297856459043885E-014
   555.00000000000216       ,    -3.0048278468694275E-014
   556.00000000000216       ,    -3.0789433086565211E-014
   557.00000000000216       ,    -3.1521426920162079E-014
   558.00000000000216       ,    -3.2244365243828052E-014
   559.00000000000205       ,    -3.2958352024809530E-014
   560.00000000000205       ,    -3.3663489935816694E-014
   561.00000000000205       ,    -3.4359880374084368E-014
   562.00000000000193       ,    -3.5047623479215990E-014
   563.00000000000193       ,    -3.5726818151644418E-014
   564.00000000000193       ,    -3.6397562067886661E-014
   565.00000000000193       ,    -3.7059951700235050E-014
   566.00000000000182       ,    -3.7714082326865186E-014
   567.00000000000182       ,    -3.8360048054213630E-014
   568.00000000000182       ,    -3.8997941834194289E-014
   569.00000000000182       ,    -3.9627855475096244E-014
   570.00000000000171       ,    -4.0249879653304374E-014
   571.00000000000171       ,    -4.0864103942656756E-014
   572.00000000000171       ,    -4.1470616818357558E-014
   573.00000000000171       ,    -4.2069505672873940E-014
   574.00000000000159       ,    -4.2660856833027001E-014
   575.00000000000159       ,    -4.3244755574805010E-014
   576.00000000000159       ,    -4.3821286132243498E-014
   577.00000000000148       ,    -4.4390531722255189E-014
   578.00000000000148       ,    -4.4952574546185042E-014
   579.00000000000148       ,    -4.5507495809581589E-014
   580.00000000000148       ,    -4.6055375737752666E-014
   581.00000000000136       ,    -4.6596293584986762E-014
   582.00000000000136       ,    -4.7130327646853416E-014
   583.00000000000136       ,    -4.7657555273678145E-014
   584.00000000000136       ,    -4.8178052888784868E-014
   585.00000000000125       ,    -4.8691895988846635E-014
   586.00000000000125       ,    -4.9199159173344883E-014
   587.00000000000125       ,    -4.9699916136133829E-014
   588.00000000000114       ,    -5.0194239701364946E-014
   589.00000000000114       ,    -5.0682201804677724E-014
   590.00000000000114       ,    -5.1163873535090136E-014
   591.00000000000114       ,    -5.1639325128375074E-014
   592.00000000000102       ,    -5.2108625980793105E-014
   593.00000000000102       ,    -5.2571844668005906E-014
   594.00000000000102       ,    -5.3029048942607311E-014
   595.00000000000102       ,    -5.3480305757107946E-014
   596.00000000000091       ,    -5.3925681270953007E-014
   597.00000000000091       ,    -5.4365240857227578E-014
   598.00000000000091       ,    -5.4799049113646557E-014
   599.00000000000080       ,    -5.5227169876248935E-014
   600.00000000000080       ,    -5.5649666231412288E-014
   601.00000000000080       ,    -5.6066600512693843E-014
   602.00000000000080       ,    -5.6478034327904030E-014
   603.00000000000068       ,    -5.6884028553771697E-014
   604.00000000000068       ,    -5.7284643360912384E-014
   605.00000000000068       ,    -5.7679938200956900E-014
   606.00000000000068       ,    -5.8069971841263456E-014
   607.00000000000057       ,    -5.8454802350874198E-014
   608.00000000000057       ,    -5.8834487127329275E-014
   609.00000000000057       ,    -5.9209082894853477E-014
   610.00000000000057       ,    -5.9578645714840163E-014
   611.00000000000045       ,    -5.9943230998975200E-014
   612.00000000000045       ,    -6.0302893510456540E-014
   613.00000000000045       ,    -6.0657687377540281E-014
   614.00000000000034       ,    -6.1007666100050232E-014
   615.00000000000034       ,    -6.1352882557718359E-014
   616.00000000000034       ,    -6.1693389018003992E-014
   617.00000000000034       ,    -6.2029237141160796E-014
   618.00000000000023       ,    -6.2360477993919398E-014
   619.00000000000023       ,    -6.2687162052783922E-014
   620.00000000000023       ,    -6.3009339206336996E-014
   621.00000000000023       ,    -6.3327058781373738E-014
   622.00000000000011       ,    -6.3640369524507782E-014
   623.00000000000011       ,    -6.3949319627478112E-014
   624.00000000000011       ,    -6.4253956729309643E-014
   625.00000000000000       ,    -6.4554327920665348E-014
   626.00000000000000       ,    -6.4850479758663655E-014
   627.00000000000000       ,    -6.5142458259809017E-014
   628.00000000000000       ,    -6.5430308919755194E-014
   628.99999999999989       ,    -6.5714076714747615E-014
   629.99999999999989       ,    -6.5993806104958613E-014
   630.99999999999989       ,    -6.6269541048802247E-014
   631.99999999999989       ,    -6.6541325001635701E-014
   632.99999999999977       ,    -6.6809200926259460E-014
   633.99999999999977       ,    -6.7073211297778338E-014
   634.99999999999977       ,    -6.7333398105652099E-014
   635.99999999999966       ,    -6.7589802871419115E-014
   636.99999999999966       ,    -6.7842466641827382E-014
   637.99999999999966       ,    -6.8091429999577636E-014
   638.99999999999966       ,    -6.8336733069204436E-014
   639.99999999999955       ,    -6.8578415527918325E-014
   640.99999999999955       ,    -6.8816516598039642E-014
   641.99999999999955       ,    -6.9051075064643663E-014
   642.99999999999955       ,    -6.9282129278505296E-014
   643.99999999999943       ,    -6.9509717155891593E-014
   644.99999999999943       ,    -6.9733876189939334E-014
   645.99999999999943       ,    -6.9954643453328157E-014
   646.99999999999932       ,    -7.0172055602592034E-014
   647.99999999999932       ,    -7.0386148886818853E-014
   648.99999999999932       ,    -7.0596959148824878E-014
   649.99999999999932       ,    -7.0804521828855786E-014
   650.99999999999920       ,    -7.1008871975115231E-014
   651.99999999999920       ,    -7.1210044245356452E-014
   652.99999999999920       ,    -7.1408072910725856E-014
   653.99999999999920       ,    -7.1602991864695862E-014
   654.99999999999909       ,    -7.1794834617340283E-014
   655.99999999999909       ,    -7.1983634313888173E-014
   656.99999999999909       ,    -7.2169423729588831E-014
   657.99999999999909       ,    -7.2352235275870563E-014
   658.99999999999898       ,    -7.2532101007378451E-014
   659.99999999999898       ,    -7.2709052625594536E-014
   660.99999999999898       ,    -7.2883121477980391E-014
   661.99999999999886       ,    -7.3054338570973462E-014
   662.99999999999886       ,    -7.3222734566095221E-014
   663.99999999999886       ,    -7.3388339789944730E-014
   664.99999999999886       ,    -7.3551184236597436E-014
   665.99999999999875       ,    -7.3711297565572093E-014
   666.99999999999875       ,    -7.3868709116777709E-014
   667.99999999999875       ,    -7.4023447904494233E-014
   668.99999999999875       ,    -7.4175542626755505E-014
   669.99999999999864       ,    -7.4325021669769696E-014
   670.99999999999864       ,    -7.4471913103043195E-014
   671.99999999999864       ,    -7.4616244698913807E-014
   672.99999999999852       ,    -7.4758043918151579E-014
   673.99999999999852       ,    -7.4897337927273311E-014
   674.99999999999852       ,    -7.5034153595018987E-014
   675.99999999999852       ,    -7.5168517499690339E-014
   676.99999999999841       ,    -7.5300455927807083E-014
   677.99999999999841       ,    -7.5429994882550130E-014
   678.99999999999841       ,    -7.5557160083859122E-014
   679.99999999999841       ,    -7.5681976975548773E-014
   680.99999999999829       ,    -7.5804470722769904E-014
   681.99999999999829       ,    -7.5924666218490855E-014
   682.99999999999829       ,    -7.6042588088739214E-014
   683.99999999999818       ,    -7.6158260693313402E-014
   684.99999999999818       ,    -7.6271708127866825E-014
   685.99999999999818       ,    -7.6382954228467128E-014
   686.99999999999818       ,    -7.6492022575244528E-014
   687.99999999999807       ,    -7.6598936493722897E-014
   688.99999999999807       ,    -7.6703719060653505E-014
   689.99999999999807       ,    -7.6806393102810187E-014
   690.99999999999807       ,    -7.6906981202659381E-014
   691.99999999999795       ,    -7.7005505699838495E-014
   692.99999999999795       ,    -7.7101988695303380E-014
   693.99999999999795       ,    -7.7196452055754149E-014
   694.99999999999795       ,    -7.7288917409924656E-014
   695.99999999999784       ,    -7.7379406157003642E-014
   696.99999999999784       ,    -7.7467939470522394E-014
   697.99999999999784       ,    -7.7554538292258272E-014
   698.99999999999773       ,    -7.7639223347103638E-014
   699.99999999999773       ,    -7.7722015134299599E-014
   700.99999999999773       ,    -7.7802933938127060E-014
   701.99999999999773       ,    -7.7881999827178333E-014
   702.99999999999761       ,    -7.7959232652516991E-014
   703.99999999999761       ,    -7.8034652061597925E-014
   704.99999999999761       ,    -7.8108277487543008E-014
   705.99999999999761       ,    -7.8180128159593368E-014
   706.99999999999750       ,    -7.8250223105283167E-014
   707.99999999999750       ,    -7.8318581147028095E-014
   708.99999999999750       ,    -7.8385220913171396E-014
   709.99999999999739       ,    -7.8450160829350453E-014
   710.99999999999739       ,    -7.8513419134778597E-014
   711.99999999999739       ,    -7.8575013866107036E-014
   712.99999999999739       ,    -7.8634962877560241E-014
   713.99999999999727       ,    -7.8693283834039486E-014
   714.99999999999727       ,    -7.8749994212332938E-014
   715.99999999999727       ,    -7.8805111309426131E-014
   716.99999999999727       ,    -7.8858652235661348E-014
   717.99999999999716       ,    -7.8910633925185632E-014
   718.99999999999716       ,    -7.8961073134854321E-014
   719.99999999999716       ,    -7.9009986443082141E-014
   720.99999999999704       ,    -7.9057390257405259E-014
   721.99999999999704       ,    -7.9103300812742941E-014
   722.99999999999704       ,    -7.9147734173540488E-014
   723.99999999999704       ,    -7.9190706237408233E-014
   724.99999999999693       ,    -7.9232232736172263E-014
   725.99999999999693       ,    -7.9272329237031538E-014
   726.99999999999693       ,    -7.9311011143693178E-014
   727.99999999999693       ,    -7.9348293702819981E-014
   728.99999999999682       ,    -7.9384191997797590E-014
   729.99999999999682       ,    -7.9418720960466129E-014
   730.99999999999682       ,    -7.9451895361941650E-014
   731.99999999999682       ,    -7.9483729824412616E-014
   732.99999999999670       ,    -7.9514238816019986E-014
   733.99999999999670       ,    -7.9543436654531822E-014
   734.99999999999670       ,    -7.9571337510104662E-014
   735.99999999999659       ,    -7.9597955407729782E-014
   736.99999999999659       ,    -7.9623304225312146E-014
   737.99999999999659       ,    -7.9647397695492340E-014
   738.99999999999659       ,    -7.9670249413678472E-014
   739.99999999999648       ,    -7.9691872832054160E-014
   740.99999999999648       ,    -7.9712281261736496E-014
   741.99999999999648       ,    -7.9731487882186402E-014
   742.99999999999648       ,    -7.9749505731549146E-014
   743.99999999999636       ,    -7.9766347717525607E-014
   744.99999999999636       ,    -7.9782026613300179E-014
   745.99999999999636       ,    -7.9796555060215640E-014
   746.99999999999625       ,    -7.9809945570516582E-014
   747.99999999999625       ,    -7.9822210527674854E-014
   748.99999999999625       ,    -7.9833362188241283E-014
   749.99999999999625       ,    -7.9843412683094065E-014
   750.99999999999613       ,    -7.9852374018407492E-014
   751.99999999999613       ,    -7.9860258077523284E-014
   752.99999999999613       ,    -7.9867076621399355E-014
   753.99999999999613       ,    -7.9872841290797749E-014
   754.99999999999602       ,    -7.9877563610218077E-014
   755.99999999999602       ,    -7.9881254982882543E-014
   756.99999999999602       ,    -7.9883926695929010E-014
   757.99999999999591       ,    -7.9885589923370026E-014
   758.99999999999591       ,    -7.9886255723411968E-014
   759.99999999999591       ,    -7.9885935042798513E-014
   760.99999999999591       ,    -7.9884638714321609E-014
   761.99999999999579       ,    -7.9882377464293720E-014
   762.99999999999579       ,    -7.9879161906217838E-014
   763.99999999999579       ,    -7.9875002548844699E-014
   764.99999999999579       ,    -7.9869909790896560E-014
   765.99999999999568       ,    -7.9863893927226035E-014
   766.99999999999568       ,    -7.9856965149147581E-014
   767.99999999999568       ,    -7.9849133542862893E-014
   768.99999999999568       ,    -7.9840409092224983E-014
   769.99999999999557       ,    -7.9830801682385067E-014
   770.99999999999557       ,    -7.9820321093016994E-014
   771.99999999999557       ,    -7.9808977012146998E-014
   772.99999999999545       ,    -7.9796779024138453E-014
   773.99999999999545       ,    -7.9783736617999538E-014
   774.99999999999545       ,    -7.9769859186959344E-014
   775.99999999999545       ,    -7.9755156029958319E-014
   776.99999999999534       ,    -7.9739636351662806E-014
   777.99999999999534       ,    -7.9723309263267197E-014
   778.99999999999534       ,    -7.9706183784193052E-014
   779.99999999999534       ,    -7.9688268844756265E-014
   780.99999999999523       ,    -7.9669573282989837E-014
   781.99999999999523       ,    -7.9650105848904738E-014
   782.99999999999523       ,    -7.9629875203738526E-014
   783.99999999999511       ,    -7.9608889922873863E-014
   784.99999999999511       ,    -7.9587158494804444E-014
   785.99999999999511       ,    -7.9564689322454164E-014
   786.99999999999511       ,    -7.9541490723906166E-014
   787.99999999999500       ,    -7.9517570936095603E-014
   788.99999999999500       ,    -7.9492938110745392E-014
   789.99999999999500       ,    -7.9467600318322179E-014
   790.99999999999500       ,    -7.9441565548792094E-014
   791.99999999999488       ,    -7.9414841713731590E-014
   792.99999999999488       ,    -7.9387436641945669E-014
   793.99999999999488       ,    -7.9359358086270312E-014
   794.99999999999477       ,    -7.9330613722141080E-014
   795.99999999999477       ,    -7.9301211145588209E-014
   796.99999999999477       ,    -7.9271157880520660E-014
   797.99999999999477       ,    -7.9240461372993818E-014
   798.99999999999466       ,    -7.9209128995784286E-014
   799.99999999999466       ,    -7.9177168047303030E-014
   800.99999999999466       ,    -7.9144585753570076E-014
   801.99999999999466       ,    -7.9111389268922581E-014
   802.99999999999454       ,    -7.9077585675376374E-014
   803.99999999999454       ,    -7.9043181985288178E-014
   804.99999999999454       ,    -7.9008185141054225E-014
   805.99999999999443       ,    -7.8972602014743787E-014
   806.99999999999443       ,    -7.8936439411679035E-014
   807.99999999999443       ,    -7.8899704068724110E-014
   808.99999999999443       ,    -7.8862402656540003E-014
   809.99999999999432       ,    -7.8824541775776778E-014
   810.99999999999432       ,    -7.8786127968010631E-014
   811.99999999999432       ,    -7.8747167703271155E-014
   812.99999999999432       ,    -7.8707667391871208E-014
   813.99999999999420       ,    -7.8667633377692198E-014
   814.99999999999420       ,    -7.8627071944309574E-014
   815.99999999999420       ,    -7.8585989309222979E-014
   816.99999999999420       ,    -7.8544391633054841E-014
   817.99999999999409       ,    -7.8502285010781272E-014
   818.99999999999409       ,    -7.8459675479970594E-014
   819.99999999999409       ,    -7.8416569016780284E-014
   820.99999999999397       ,    -7.8372971539907687E-014
   821.99999999999397       ,    -7.8328888906963585E-014
   822.99999999999397       ,    -7.8284326920244502E-014
   823.99999999999397       ,    -7.8239291322067886E-014
   824.99999999999386       ,    -7.8193787800591821E-014
   825.99999999999386       ,    -7.8147821984783240E-014
   826.99999999999386       ,    -7.8101399450524279E-014
   827.99999999999386       ,    -7.8054525717124639E-014
   828.99999999999375       ,    -7.8007206250502034E-014
   829.99999999999375       ,    -7.7959446462185882E-014
   830.99999999999375       ,    -7.7911251708680037E-014
   831.99999999999363       ,    -7.7862627296605335E-014
   832.99999999999363       ,    -7.7813578477185860E-014
   833.99999999999363       ,    -7.7764110452253875E-014
   834.99999999999363       ,    -7.7714228371218038E-014
   835.99999999999352       ,    -7.7663937332428837E-014
   836.99999999999352       ,    -7.7613242384226979E-014
   837.99999999999352       ,    -7.7562148526236656E-014
   838.99999999999352       ,    -7.7510660707728565E-014
   839.99999999999341       ,    -7.7458783828134696E-014
   840.99999999999341       ,    -7.7406522741890502E-014
   841.99999999999341       ,    -7.7353882252435037E-014
   842.99999999999329       ,    -7.7300867117882803E-014
   843.99999999999329       ,    -7.7247482047991254E-014
   844.99999999999329       ,    -7.7193731708801558E-014
   845.99999999999329       ,    -7.7139620716793506E-014
   846.99999999999318       ,    -7.7085153645262445E-014
   847.99999999999318       ,    -7.7030335022874300E-014
   848.99999999999318       ,    -7.6975169332434590E-014
   849.99999999999318       ,    -7.6919661013965470E-014
   850.99999999999307       ,    -7.6863814462230670E-014
   851.99999999999307       ,    -7.6807634031262520E-014
   852.99999999999307       ,    -7.6751124029902070E-014
   853.99999999999307       ,    -7.6694288725611474E-014
   854.99999999999295       ,    -7.6637132344441575E-014
   855.99999999999295       ,    -7.6579659070606969E-014
   856.99999999999295       ,    -7.6521873045952014E-014
   857.99999999999284       ,    -7.6463778374325971E-014
   858.99999999999284       ,    -7.6405379117231362E-014
   859.99999999999284       ,    -7.6346679296557133E-014
   860.99999999999284       ,    -7.6287682894814489E-014
   861.99999999999272       ,    -7.6228393856489206E-014
   862.99999999999272       ,    -7.6168816085853667E-014
   863.99999999999272       ,    -7.6108953450300342E-014
   864.99999999999272       ,    -7.6048809778224064E-014
   865.99999999999261       ,    -7.5988388859881219E-014
   866.99999999999261       ,    -7.5927694450787240E-014
   867.99999999999261       ,    -7.5866730267129007E-014
   868.99999999999250       ,    -7.5805499990124960E-014
   869.99999999999250       ,    -7.5744007265420549E-014
   870.99999999999250       ,    -7.5682255700104376E-014
   871.99999999999250       ,    -7.5620248867428236E-014
   872.99999999999238       ,    -7.5557990308508194E-014
   873.99999999999238       ,    -7.5495483525703905E-014
   874.99999999999238       ,    -7.5432731987801977E-014
   875.99999999999238       ,    -7.5369739131161468E-014
   876.99999999999227       ,    -7.5306508358128974E-014
   877.99999999999227       ,    -7.5243043035365017E-014
   878.99999999999227       ,    -7.5179346500728569E-014
   879.99999999999216       ,    -7.5115422054750143E-014
   880.99999999999216       ,    -7.5051272969626265E-014
   881.99999999999216       ,    -7.4986902482737934E-014
   882.99999999999216       ,    -7.4922313800549947E-014
   883.99999999999204       ,    -7.4857510099434948E-014
   884.99999999999204       ,    -7.4792494522759714E-014
   885.99999999999204       ,    -7.4727270183136912E-014
   886.99999999999204       ,    -7.4661840164099089E-014
   887.99999999999193       ,    -7.4596207517864882E-014
   888.99999999999193       ,    -7.4530375267210073E-014
   889.99999999999193       ,    -7.4464346405985011E-014
   890.99999999999193       ,    -7.4398123896275015E-014
   891.99999999999181       ,    -7.4331710673289455E-014
   892.99999999999181       ,    -7.4265109642905607E-014
   893.99999999999181       ,    -7.4198323682616040E-014
   894.99999999999170       ,    -7.4131355641186659E-014
   895.99999999999170       ,    -7.4064208340542811E-014
   896.99999999999170       ,    -7.3996884572862591E-014
   897.99999999999170       ,    -7.3929387105149362E-014
   898.99999999999159       ,    -7.3861718676248657E-014
   899.99999999999159       ,    -7.3793881998392190E-014
   900.99999999999159       ,    -7.3725879756177990E-014
   901.99999999999159       ,    -7.3657714610130198E-014
   902.99999999999147       ,    -7.3589389192494653E-014
   903.99999999999147       ,    -7.3520906109944314E-014
   904.99999999999147       ,    -7.3452267944969001E-014
   905.99999999999136       ,    -7.3383477252931056E-014
   906.99999999999136       ,    -7.3314536565921767E-014
   907.99999999999136       ,    -7.3245448390171351E-014
   908.99999999999136       ,    -7.3176215205666366E-014
   909.99999999999125       ,    -7.3106839471371728E-014
   910.99999999999125       ,    -7.3037323619411935E-014
   911.99999999999125       ,    -7.2967670059140896E-014
   912.99999999999125       ,    -7.2897881176787648E-014
   913.99999999999113       ,    -7.2827959333204849E-014
   914.99999999999113       ,    -7.2757906868255018E-014
   915.99999999999113       ,    -7.2687726097056230E-014
   916.99999999999102       ,    -7.2617419312185318E-014
   917.99999999999102       ,    -7.2546988784501171E-014
   918.99999999999102       ,    -7.2476436762779014E-014
   919.99999999999102       ,    -7.2405765471392230E-014
   920.99999999999091       ,    -7.2334977115272381E-014
   921.99999999999091       ,    -7.2264073876875598E-014
   922.99999999999091       ,    -7.2193057915994162E-014
   923.99999999999091       ,    -7.2121931372777608E-014
   924.99999999999079       ,    -7.2050696365369783E-014
   925.99999999999079       ,    -7.1979354990622699E-014
   926.99999999999079       ,    -7.1907909326481582E-014
   927.99999999999068       ,    -7.1836361427560950E-014
   928.99999999999068       ,    -7.1764713331179767E-014
   929.99999999999068       ,    -7.1692967051760746E-014
   930.99999999999068       ,    -7.1621124586295992E-014
   931.99999999999056       ,    -7.1549187910198640E-014
   932.99999999999056       ,    -7.1477158980644006E-014
   933.99999999999056       ,    -7.1405039733949470E-014
   934.99999999999056       ,    -7.1332832089171453E-014
   935.99999999999045       ,    -7.1260537944153970E-014
   936.99999999999045       ,    -7.1188159179865153E-014
   937.99999999999045       ,    -7.1115697658115455E-014
   938.99999999999045       ,    -7.1043155221174648E-014
   939.99999999999034       ,    -7.0970533694644355E-014
   940.99999999999034       ,    -7.0897834884485038E-014
   941.99999999999034       ,    -7.0825060580462969E-014
   942.99999999999022       ,    -7.0752212552600302E-014
   943.99999999999022       ,    -7.0679292554800141E-014
   944.99999999999022       ,    -7.0606302323253867E-014
   945.99999999999022       ,    -7.0533243575771002E-014
   946.99999999999011       ,    -7.0460118015102371E-014
   947.99999999999011       ,    -7.0386927324721258E-014
   948.99999999999011       ,    -7.0313673173185394E-014
   949.99999999999011       ,    -7.0240357212012141E-014
   950.99999999999000       ,    -7.0166981074663930E-014
   951.99999999999000       ,    -7.0093546381056862E-014
   952.99999999999000       ,    -7.0020054732672770E-014
   953.99999999998988       ,    -6.9946507716360523E-014
   954.99999999999000       ,    -6.9872906901494999E-014
   955.99999999999011       ,    -6.9799253844023000E-014
   956.99999999999011       ,    -6.9725550082587845E-014
   957.99999999999022       ,    -6.9651797140550751E-014
   958.99999999999034       ,    -6.9577996526689016E-014
   959.99999999999034       ,    -6.9504149734462974E-014
   960.99999999999045       ,    -6.9430258241848388E-014
   961.99999999999056       ,    -6.9356323513063843E-014
   962.99999999999056       ,    -6.9282346995773709E-014
   963.99999999999068       ,    -6.9208330125281462E-014
   964.99999999999079       ,    -6.9134274321795162E-014
   965.99999999999079       ,    -6.9060180988774292E-014
   966.99999999999091       ,    -6.8986051520313596E-014
   967.99999999999102       ,    -6.8911887290884003E-014
   968.99999999999102       ,    -6.8837689665946550E-014
   969.99999999999113       ,    -6.8763459994842223E-014
   970.99999999999125       ,    -6.8689199612594651E-014
   971.99999999999125       ,    -6.8614909843246355E-014
   972.99999999999136       ,    -6.8540591995169733E-014
   973.99999999999147       ,    -6.8466247363242033E-014
   974.99999999999147       ,    -6.8391877231810610E-014
   975.99999999999159       ,    -6.8317482870159312E-014
   976.99999999999170       ,    -6.8243065534485024E-014
   977.99999999999170       ,    -6.8168626469675448E-014
   978.99999999999181       ,    -6.8094166906843836E-014
   979.99999999999193       ,    -6.8019688064938376E-014
   980.99999999999193       ,    -6.7945191149752398E-014
   981.99999999999204       ,    -6.7870677357053343E-014
   982.99999999999216       ,    -6.7796147867038199E-014
   983.99999999999216       ,    -6.7721603850842675E-014
   984.99999999999227       ,    -6.7647046466075692E-014
   985.99999999999238       ,    -6.7572476859065946E-014
   986.99999999999238       ,    -6.7497896163437341E-014
   987.99999999999250       ,    -6.7423305502375083E-014
   988.99999999999261       ,    -6.7348705987511288E-014
   989.99999999999261       ,    -6.7274098717877984E-014
   990.99999999999272       ,    -6.7199484782555153E-014
   991.99999999999284       ,    -6.7124865258480572E-014
   992.99999999999284       ,    -6.7050241212467255E-014
   993.99999999999295       ,    -6.6975613699247540E-014
   994.99999999999307       ,    -6.6900983762932944E-014
   995.99999999999307       ,    -6.6826352437508220E-014
   996.99999999999318       ,    -6.6751720745508062E-014
   997.99999999999329       ,    -6.6677089699342320E-014
   998.99999999999329       ,    -6.6602460300335175E-014
   999.99999999999341       ,    -6.6527833540146782E-014
   1000.9999999999935       ,    -6.6453210399993411E-014
   1001.9999999999935       ,    -6.6378591850324793E-014
   1002.9999999999936       ,    -6.6303978851693319E-014
   1003.9999999999937       ,    -6.6229372356123265E-014
   1004.9999999999937       ,    -6.6154773302733305E-014
   1005.9999999999939       ,    -6.6080182623310517E-014
   1006.9999999999939       ,    -6.6005601238866152E-014
   1007.9999999999940       ,    -6.5931030060311452E-014
   1008.9999999999941       ,    -6.5856469991085078E-014
   1009.9999999999941       ,    -6.5781921922417328E-014
   1010.9999999999942       ,    -6.5707386738099380E-014
   1011.9999999999943       ,    -6.5632865311722604E-014
   1012.9999999999943       ,    -6.5558358507512836E-014
   1013.9999999999944       ,    -6.5483867181563715E-014
   1014.9999999999945       ,    -6.5409392180410663E-014
   1015.9999999999945       ,    -6.5334934340891112E-014
   1016.9999999999947       ,    -6.5260494491903132E-014
   1017.9999999999948       ,    -6.5186073453214731E-014
   1018.9999999999948       ,    -6.5111672035441932E-014
   1019.9999999999949       ,    -6.5037291041861915E-014
   1020.9999999999950       ,    -6.4962931265422959E-014
   1021.9999999999950       ,    -6.4888593492573025E-014
   1022.9999999999951       ,    -6.4814278499226942E-014
   1023.9999999999952       ,    -6.4739987054919177E-014
   1024.9999999999952       ,    -6.4665719919357215E-014
   1025.9999999999955       ,    -6.4591477845502707E-014
   1026.9999999999955       ,    -6.4517261577089258E-014
   1027.9999999999955       ,    -6.4443071850885867E-014
   1028.9999999999957       ,    -6.4368909394164343E-014
   1029.9999999999957       ,    -6.4294774927543670E-014
   1030.9999999999957       ,    -6.4220669163686280E-014
   1031.9999999999959       ,    -6.4146592806902058E-014
   1032.9999999999959       ,    -6.4072546555509558E-014
   1033.9999999999959       ,    -6.3998531098209659E-014
   1034.9999999999959       ,    -6.3924547116660704E-014
   1035.9999999999961       ,    -6.3850595286652654E-014
   1036.9999999999961       ,    -6.3776676274103895E-014
   1037.9999999999961       ,    -6.3702790739320742E-014
   1038.9999999999964       ,    -6.3628939335351521E-014
   1039.9999999999964       ,    -6.3555122707391419E-014
   1040.9999999999964       ,    -6.3481341494031200E-014
   1041.9999999999966       ,    -6.3407596325735128E-014
   1042.9999999999966       ,    -6.3333887827932145E-014
   1043.9999999999966       ,    -6.3260216617136538E-014
   1044.9999999999968       ,    -6.3186583304497227E-014
   1045.9999999999968       ,    -6.3112988492881430E-014
   1046.9999999999968       ,    -6.3039432780890397E-014
   1047.9999999999970       ,    -6.2965916757455266E-014
   1048.9999999999970       ,    -6.2892441006742722E-014
   1049.9999999999970       ,    -6.2819006105823829E-014
   1050.9999999999973       ,    -6.2745612625703523E-014
   1051.9999999999973       ,    -6.2672261130431792E-014
   1052.9999999999973       ,    -6.2598952178376488E-014
   1053.9999999999975       ,    -6.2525686320666625E-014
   1054.9999999999975       ,    -6.2452464102604070E-014
   1055.9999999999975       ,    -6.2379286063631348E-014
   1056.9999999999977       ,    -6.2306152736670966E-014
   1057.9999999999977       ,    -6.2233064648855217E-014
   1058.9999999999977       ,    -6.2160022320385841E-014
   1059.9999999999980       ,    -6.2087026267121097E-014
   1060.9999999999980       ,    -6.2014076997261627E-014
   1061.9999999999980       ,    -6.1941175014924979E-014
   1062.9999999999982       ,    -6.1868320816426462E-014
   1063.9999999999982       ,    -6.1795514894015899E-014
   1064.9999999999982       ,    -6.1722757733561923E-014
   1065.9999999999984       ,    -6.1650049815093956E-014
   1066.9999999999984       ,    -6.1577391613173893E-014
   1067.9999999999984       ,    -6.1504783597698091E-014
   1068.9999999999986       ,    -6.1432226231397958E-014
   1069.9999999999986       ,    -6.1359719972282220E-014
   1070.9999999999986       ,    -6.1287265273765724E-014
   1071.9999999999989       ,    -6.1214862583318861E-014
   1072.9999999999989       ,    -6.1142512342615337E-014
   1073.9999999999989       ,    -6.1070214988613207E-014
   1074.9999999999991       ,    -6.0997970952989833E-014
   1075.9999999999991       ,    -6.0925780662865557E-014
   1076.9999999999991       ,    -6.0853644538661339E-014
   1077.9999999999993       ,    -6.0781562997447054E-014
   1078.9999999999993       ,    -6.0709536449997306E-014
   1079.9999999999993       ,    -6.0637565303188728E-014
   1080.9999999999995       ,    -6.0565649958452692E-014
   1081.9999999999995       ,    -6.0493790812468460E-014
   1082.9999999999995       ,    -6.0421988256070174E-014
   1083.9999999999998       ,    -6.0350242677191507E-014
   1084.9999999999998       ,    -6.0278554457696307E-014
   1085.9999999999998       ,    -6.0206923974936679E-014
   1087.0000000000000       ,    -6.0135351602537621E-014
   1088.0000000000000       ,    -6.0063837707705642E-014
   1089.0000000000000       ,    -5.9992382654673891E-014
   1090.0000000000002       ,    -5.9920986802659241E-014
   1091.0000000000002       ,    -5.9849650505540632E-014
   1092.0000000000002       ,    -5.9778374114728006E-014
   1093.0000000000005       ,    -5.9707157975356149E-014
   1094.0000000000005       ,    -5.9636002428714321E-014
   1095.0000000000005       ,    -5.9564907812129002E-014
   1096.0000000000007       ,    -5.9493874458514866E-014
   1097.0000000000007       ,    -5.9422902696486892E-014
   1098.0000000000007       ,    -5.9351992849973431E-014
   1099.0000000000009       ,    -5.9281145239581515E-014
   1100.0000000000009       ,    -5.9210360181147208E-014
   1101.0000000000009       ,    -5.9139637986830065E-014
   1102.0000000000011       ,    -5.9068978964297173E-014
   1103.0000000000011       ,    -5.8998383417912136E-014
   1104.0000000000011       ,    -5.8927851647169127E-014
   1105.0000000000014       ,    -5.8857383947898279E-014
   1106.0000000000014       ,    -5.8786980612619921E-014
   1107.0000000000014       ,    -5.8716641929396293E-014
   1108.0000000000016       ,    -5.8646368182214934E-014
   1109.0000000000016       ,    -5.8576159652127889E-014
   1110.0000000000016       ,    -5.8506016615865406E-014
   1111.0000000000018       ,    -5.8435939345907335E-014
   1112.0000000000018       ,    -5.8365928112348203E-014
   1113.0000000000018       ,    -5.8295983180392912E-014
   1114.0000000000020       ,    -5.8226104812217653E-014
   1115.0000000000020       ,    -5.8156293266640054E-014
   1116.0000000000020       ,    -5.8086548797554025E-014
   1117.0000000000023       ,    -5.8016871657318832E-014
   1118.0000000000023       ,    -5.7947262093566738E-014
   1119.0000000000023       ,    -5.7877720350495553E-014
   1120.0000000000025       ,    -5.7808246668983742E-014
   1121.0000000000025       ,    -5.7738841286669556E-014
   1122.0000000000025       ,    -5.7669504438146962E-014
   1123.0000000000027       ,    -5.7600236353455916E-014
   1124.0000000000027       ,    -5.7531037261268263E-014
   1125.0000000000027       ,    -5.7461907384928850E-014
   1126.0000000000030       ,    -5.7392846945878002E-014
   1127.0000000000030       ,    -5.7323856161471676E-014
   1128.0000000000030       ,    -5.7254935246320931E-014
   1129.0000000000032       ,    -5.7186084413112501E-014
   1130.0000000000032       ,    -5.7117303868239018E-014
   1131.0000000000032       ,    -5.7048593818441726E-014
   1132.0000000000034       ,    -5.6979954465189215E-014
   1133.0000000000034       ,    -5.6911386007079273E-014
   1134.0000000000034       ,    -5.6842888641642432E-014
   1135.0000000000036       ,    -5.6774462560280524E-014
   1136.0000000000036       ,    -5.6706107954338692E-014
   1137.0000000000036       ,    -5.6637825010333244E-014
   1138.0000000000039       ,    -5.6569613913003863E-014
   1139.0000000000039       ,    -5.6501474843484542E-014
   1140.0000000000039       ,    -5.6433407980563519E-014
   1141.0000000000041       ,    -5.6365413499637647E-014
   1142.0000000000041       ,    -5.6297491573956673E-014
   1143.0000000000041       ,    -5.6229642373343960E-014
   1144.0000000000043       ,    -5.6161866065559910E-014
   1145.0000000000043       ,    -5.6094162814983055E-014
   1146.0000000000043       ,    -5.6026532783393192E-014
   1147.0000000000045       ,    -5.5958976130855159E-014
   1148.0000000000045       ,    -5.5891493013750185E-014
   1149.0000000000045       ,    -5.5824083585454319E-014
   1150.0000000000045       ,    -5.5756747998372257E-014
   1151.0000000000048       ,    -5.5689486400577634E-014
   1152.0000000000048       ,    -5.5622298938898504E-014
   1153.0000000000048       ,    -5.5555185756795957E-014
   1154.0000000000050       ,    -5.5488146995955849E-014
   1155.0000000000050       ,    -5.5421182794747487E-014
   1156.0000000000050       ,    -5.5354293289852610E-014
   1157.0000000000052       ,    -5.5287478614929410E-014
   1158.0000000000052       ,    -5.5220738901676159E-014
   1159.0000000000052       ,    -5.5154074279189457E-014
   1160.0000000000055       ,    -5.5087484873892917E-014
   1161.0000000000055       ,    -5.5020970810818379E-014
   1162.0000000000055       ,    -5.4954532211365024E-014
   1163.0000000000057       ,    -5.4888169195845374E-014
   1164.0000000000057       ,    -5.4821881881437477E-014
   1165.0000000000057       ,    -5.4755670383409468E-014
   1166.0000000000059       ,    -5.4689534815059222E-014
   1167.0000000000059       ,    -5.4623475287005676E-014
   1168.0000000000059       ,    -5.4557491907746605E-014
   1169.0000000000061       ,    -5.4491584783543511E-014
   1170.0000000000061       ,    -5.4425754019270240E-014
   1171.0000000000061       ,    -5.4359999716445501E-014
   1172.0000000000064       ,    -5.4294321975410233E-014
   1173.0000000000064       ,    -5.4228720894230593E-014
   1174.0000000000064       ,    -5.4163196568638006E-014
   1175.0000000000066       ,    -5.4097749092034035E-014
   1176.0000000000066       ,    -5.4032378556706871E-014
   1177.0000000000066       ,    -5.3967085052240430E-014
   1178.0000000000068       ,    -5.3901868666408344E-014
   1179.0000000000068       ,    -5.3836729484928244E-014
   1180.0000000000068       ,    -5.3771667591634733E-014
   1181.0000000000070       ,    -5.3706683068445803E-014
   1182.0000000000070       ,    -5.3641775995265832E-014
   1183.0000000000070       ,    -5.3576946450100895E-014
   1184.0000000000073       ,    -5.3512194509434868E-014
   1185.0000000000073       ,    -5.3447520246869464E-014
   1186.0000000000073       ,    -5.3382923735818932E-014
   1187.0000000000075       ,    -5.3318405046241099E-014
   1188.0000000000075       ,    -5.3253964247262480E-014
   1189.0000000000075       ,    -5.3189601405367455E-014
   1190.0000000000077       ,    -5.3125316586298938E-014
   1191.0000000000077       ,    -5.3061109853225050E-014
   1192.0000000000077       ,    -5.2996981268318878E-014
   1193.0000000000080       ,    -5.2932930890947096E-014
   1194.0000000000080       ,    -5.2868958779824697E-014
   1195.0000000000080       ,    -5.2805064991286252E-014
   1196.0000000000082       ,    -5.2741249580030864E-014
   1197.0000000000082       ,    -5.2677512599957745E-014
   1198.0000000000082       ,    -5.2613854102063641E-014
   1199.0000000000084       ,    -5.2550274136381115E-014
   1200.0000000000084       ,    -5.2486772751192241E-014
   1201.0000000000084       ,    -5.2423349993464024E-014
   1202.0000000000086       ,    -5.2360005908321504E-014
   1203.0000000000086       ,    -5.2296740539131109E-014
   1204.0000000000086       ,    -5.2233553927926707E-014
   1205.0000000000089       ,    -5.2170446115403694E-014
   1206.0000000000089       ,    -5.2107417140174761E-014
   1207.0000000000089       ,    -5.2044467039877381E-014
   1208.0000000000091       ,    -5.1981595850521675E-014
   1209.0000000000091       ,    -5.1918803606103261E-014
   1210.0000000000091       ,    -5.1856090340239365E-014
   1211.0000000000093       ,    -5.1793456084066845E-014
   1212.0000000000093       ,    -5.1730900867773362E-014
   1213.0000000000093       ,    -5.1668424719826863E-014
   1214.0000000000095       ,    -5.1606027667908197E-014
   1215.0000000000095       ,    -5.1543709737202761E-014
   1216.0000000000095       ,    -5.1481470952999931E-014
   1217.0000000000098       ,    -5.1419311338061792E-014
   1218.0000000000098       ,    -5.1357230913816171E-014
   1219.0000000000098       ,    -5.1295229700843409E-014
   1220.0000000000100       ,    -5.1233307718415176E-014
   1221.0000000000100       ,    -5.1171464983872376E-014
   1222.0000000000100       ,    -5.1109701514136794E-014
   1223.0000000000102       ,    -5.1048017323900884E-014
   1224.0000000000102       ,    -5.0986412427553852E-014
   1225.0000000000102       ,    -5.0924886837181018E-014
   1226.0000000000105       ,    -5.0863440564239909E-014
   1227.0000000000105       ,    -5.0802073619106231E-014
   1228.0000000000105       ,    -5.0740786010445134E-014
   1229.0000000000107       ,    -5.0679577746099727E-014
   1230.0000000000107       ,    -5.0618448832106889E-014
   1231.0000000000107       ,    -5.0557399274288706E-014
   1232.0000000000109       ,    -5.0496429076094045E-014
   1233.0000000000109       ,    -5.0435538241001714E-014
   1234.0000000000109       ,    -5.0374726770500602E-014
   1235.0000000000111       ,    -5.0313994664894932E-014
   1236.0000000000111       ,    -5.0253341924314051E-014
   1237.0000000000111       ,    -5.0192768546433308E-014
   1238.0000000000114       ,    -5.0132274528826386E-014
   1239.0000000000114       ,    -5.0071859867737935E-014
   1240.0000000000114       ,    -5.0011524557709877E-014
   1241.0000000000116       ,    -4.9951268593473801E-014
   1242.0000000000116       ,    -4.9891091967018655E-014
   1243.0000000000116       ,    -4.9830994670729008E-014
   1244.0000000000118       ,    -4.9770976695362807E-014
   1245.0000000000118       ,    -4.9711038030278740E-014
   1246.0000000000118       ,    -4.9651178664634912E-014
   1247.0000000000121       ,    -4.9591398585686246E-014
   1248.0000000000121       ,    -4.9531697780678665E-014
   1249.0000000000121       ,    -4.9472076234723140E-014
   1250.0000000000123       ,    -4.9412533932920007E-014
   1251.0000000000123       ,    -4.9353070859262792E-014
   1252.0000000000123       ,    -4.9293686995819116E-014
   1253.0000000000125       ,    -4.9234382324847552E-014
   1254.0000000000125       ,    -4.9175156827080067E-014
   1255.0000000000125       ,    -4.9116010482323210E-014
   1256.0000000000127       ,    -4.9056943270068843E-014
   1257.0000000000127       ,    -4.8997955168069272E-014
   1258.0000000000127       ,    -4.8939046153156719E-014
   1259.0000000000130       ,    -4.8880216201963634E-014
   1260.0000000000130       ,    -4.8821465289988110E-014
   1261.0000000000130       ,    -4.8762793391719164E-014
   1262.0000000000132       ,    -4.8704200480681018E-014
   1263.0000000000132       ,    -4.8645686529744243E-014
   1264.0000000000132       ,    -4.8587251510562832E-014
   1265.0000000000132       ,    -4.8528895394630798E-014
   1266.0000000000134       ,    -4.8470618151955717E-014
   1267.0000000000134       ,    -4.8412419751855407E-014
   1268.0000000000134       ,    -4.8354300163180781E-014
   1269.0000000000136       ,    -4.8296259353515366E-014
   1270.0000000000136       ,    -4.8238297290188172E-014
   1271.0000000000136       ,    -4.8180413939130771E-014
   1272.0000000000139       ,    -4.8122609265520065E-014
   1273.0000000000139       ,    -4.8064883234481865E-014
   1274.0000000000139       ,    -4.8007235809707035E-014
   1275.0000000000141       ,    -4.7949666954257197E-014
   1276.0000000000141       ,    -4.7892176630308842E-014
   1277.0000000000141       ,    -4.7834764799955897E-014
   1278.0000000000143       ,    -4.7777431423981732E-014
   1279.0000000000143       ,    -4.7720176462026016E-014
   1280.0000000000143       ,    -4.7662999874097823E-014
   1281.0000000000146       ,    -4.7605901618880077E-014
   1282.0000000000146       ,    -4.7548881653969391E-014
   1283.0000000000146       ,    -4.7491939936932349E-014
   1284.0000000000148       ,    -4.7435076424619397E-014
   1285.0000000000148       ,    -4.7378291072605528E-014
   1286.0000000000148       ,    -4.7321583836469828E-014
   1287.0000000000150       ,    -4.7264954671049997E-014
   1288.0000000000150       ,    -4.7208403529538829E-014
   1289.0000000000150       ,    -4.7151930365885085E-014
   1290.0000000000152       ,    -4.7095535132257641E-014
   1291.0000000000152       ,    -4.7039217781166832E-014
   1292.0000000000152       ,    -4.6982978263819749E-014
   1293.0000000000155       ,    -4.6926816530938131E-014
   1294.0000000000155       ,    -4.6870732532683300E-014
   1295.0000000000155       ,    -4.6814726218252177E-014
   1296.0000000000157       ,    -4.6758797537471776E-014
   1297.0000000000157       ,    -4.6702946437635757E-014
   1298.0000000000157       ,    -4.6647172867122129E-014
   1299.0000000000159       ,    -4.6591476773083882E-014
   1300.0000000000159       ,    -4.6535858101981821E-014
   1301.0000000000159       ,    -4.6480316799506174E-014
   1302.0000000000161       ,    -4.6424852811681108E-014
   1303.0000000000161       ,    -4.6369466082981103E-014
   1304.0000000000161       ,    -4.6314156558074507E-014
   1305.0000000000164       ,    -4.6258924180235299E-014
   1306.0000000000164       ,    -4.6203768893249409E-014
   1307.0000000000164       ,    -4.6148690639463688E-014
   1308.0000000000166       ,    -4.6093689361715458E-014
   1309.0000000000166       ,    -4.6038765000816036E-014
   1310.0000000000166       ,    -4.5983917498416979E-014
   1311.0000000000168       ,    -4.5929146795032330E-014
   1312.0000000000168       ,    -4.5874452831035161E-014
   1313.0000000000168       ,    -4.5819835545750306E-014
   1314.0000000000171       ,    -4.5765294878453617E-014
   1315.0000000000171       ,    -4.5710830767828173E-014
   1316.0000000000171       ,    -4.5656443151958397E-014
   1317.0000000000173       ,    -4.5602131969006586E-014
   1318.0000000000173       ,    -4.5547897155670617E-014
   1319.0000000000173       ,    -4.5493738648994080E-014
   1320.0000000000175       ,    -4.5439656385471049E-014
   1321.0000000000175       ,    -4.5385650300437275E-014
   1322.0000000000175       ,    -4.5331720329923454E-014
   1323.0000000000177       ,    -4.5277866408585328E-014
   1324.0000000000177       ,    -4.5224088471226565E-014
   1325.0000000000177       ,    -4.5170386451634908E-014
   1326.0000000000180       ,    -4.5116760283634715E-014
   1327.0000000000180       ,    -4.5063209900544225E-014
   1328.0000000000180       ,    -4.5009735235232831E-014
   1329.0000000000182       ,    -4.4956336220383745E-014
   1330.0000000000182       ,    -4.4903012787481103E-014
   1331.0000000000182       ,    -4.4849764868637826E-014
   1332.0000000000184       ,    -4.4796592395068872E-014
   1333.0000000000184       ,    -4.4743495297281704E-014
   1334.0000000000184       ,    -4.4690473505960308E-014
   1335.0000000000186       ,    -4.4637526951374024E-014
   1336.0000000000186       ,    -4.4584655562851820E-014
   1337.0000000000186       ,    -4.4531859270283929E-014
   1338.0000000000189       ,    -4.4479138002115890E-014
   1339.0000000000189       ,    -4.4426491687143880E-014
   1340.0000000000189       ,    -4.4373920253881534E-014
   1341.0000000000191       ,    -4.4321423629861228E-014
   1342.0000000000191       ,    -4.4269001742639993E-014
   1343.0000000000191       ,    -4.4216654519829293E-014
   1344.0000000000193       ,    -4.4164381887970971E-014
   1345.0000000000193       ,    -4.4112183773791812E-014
   1346.0000000000193       ,    -4.4060060103085452E-014
   1347.0000000000196       ,    -4.4008010802393402E-014
   1348.0000000000196       ,    -4.3956035796949074E-014
   1349.0000000000196       ,    -4.3904135011747611E-014
   1350.0000000000198       ,    -4.3852308372051837E-014
   1351.0000000000198       ,    -4.3800555802318179E-014
   1352.0000000000198       ,    -4.3748877226925031E-014
   1353.0000000000200       ,    -4.3697272569874751E-014
   1354.0000000000200       ,    -4.3645741755034302E-014
   1355.0000000000200       ,    -4.3594284705567587E-014
   1356.0000000000202       ,    -4.3542901344778902E-014
   1357.0000000000202       ,    -4.3491591595472712E-014
   1358.0000000000202       ,    -4.3440355380030126E-014
   1359.0000000000205       ,    -4.3389192621187951E-014
   1360.0000000000205       ,    -4.3338103240683263E-014
   1361.0000000000205       ,    -4.3287087160213174E-014
   1362.0000000000207       ,    -4.3236144301435806E-014
   1363.0000000000207       ,    -4.3185274585155634E-014
   1364.0000000000207       ,    -4.3134477932830239E-014
   1365.0000000000209       ,    -4.3083754265105799E-014
   1366.0000000000209       ,    -4.3033103502291136E-014
   1367.0000000000209       ,    -4.2982525564693189E-014
   1368.0000000000211       ,    -4.2932020372014890E-014
   1369.0000000000211       ,    -4.2881587844202534E-014
   1370.0000000000211       ,    -4.2831227900815836E-014
   1371.0000000000214       ,    -4.2780940461130046E-014
   1372.0000000000214       ,    -4.2730725443978352E-014
   1373.0000000000214       ,    -4.2680582768127820E-014
   1374.0000000000216       ,    -4.2630512352450651E-014
   1375.0000000000216       ,    -4.2580514115293986E-014
   1376.0000000000216       ,    -4.2530587974176895E-014
   1377.0000000000216       ,    -4.2480733847989116E-014
   1378.0000000000218       ,    -4.2430951653678950E-014
   1379.0000000000218       ,    -4.2381241309194305E-014
   1380.0000000000218       ,    -4.2331602731908584E-014
   1381.0000000000221       ,    -4.2282035838504550E-014
   1382.0000000000221       ,    -4.2232540546099145E-014
   1383.0000000000221       ,    -4.2183116771566490E-014
   1384.0000000000223       ,    -4.2133764431318482E-014
   1385.0000000000223       ,    -4.2084483441532469E-014
   1386.0000000000223       ,    -4.2035273718708157E-014
   1387.0000000000225       ,    -4.1986135178947531E-014
   1388.0000000000225       ,    -4.1937067737369846E-014
   1389.0000000000225       ,    -4.1888071310106049E-014
   1390.0000000000227       ,    -4.1839145812653642E-014
   1391.0000000000227       ,    -4.1790291160069529E-014
   1392.0000000000227       ,    -4.1741507267546455E-014
   1393.0000000000230       ,    -4.1692794050006491E-014
   1394.0000000000230       ,    -4.1644151422443216E-014
   1395.0000000000230       ,    -4.1595579299588951E-014
   1396.0000000000232       ,    -4.1547077595069587E-014
   1397.0000000000232       ,    -4.1498646224286418E-014
   1398.0000000000232       ,    -4.1450285101123172E-014
   1399.0000000000234       ,    -4.1401994139230800E-014
   1400.0000000000234       ,    -4.1353773252771460E-014
   1401.0000000000234       ,    -4.1305622355408194E-014
   1402.0000000000236       ,    -4.1257541360854747E-014
   1403.0000000000236       ,    -4.1209530182685637E-014
   1404.0000000000236       ,    -4.1161588734029168E-014
   1405.0000000000239       ,    -4.1113716928009078E-014
   1406.0000000000239       ,    -4.1065914678160439E-014
   1407.0000000000239       ,    -4.1018181897164658E-014
   1408.0000000000241       ,    -4.0970518497699719E-014
   1409.0000000000241       ,    -4.0922924392654059E-014
   1410.0000000000241       ,    -4.0875399494683194E-014
   1411.0000000000243       ,    -4.0827943716174068E-014
   1412.0000000000243       ,    -4.0780556969568010E-014
   1413.0000000000243       ,    -4.0733239166724797E-014
   1414.0000000000246       ,    -4.0685990220703065E-014
   1415.0000000000246       ,    -4.0638810042570308E-014
   1416.0000000000246       ,    -4.0591698544816823E-014
   1417.0000000000248       ,    -4.0544655638975167E-014
   1418.0000000000248       ,    -4.0497681237154798E-014
   1419.0000000000248       ,    -4.0450775250567101E-014
   1420.0000000000250       ,    -4.0403937591076905E-014
   1421.0000000000250       ,    -4.0357168169866797E-014
   1422.0000000000250       ,    -4.0310466898705077E-014
   1423.0000000000252       ,    -4.0263833688287130E-014
   1424.0000000000252       ,    -4.0217268450330346E-014
   1425.0000000000252       ,    -4.0170771095788844E-014
   1426.0000000000255       ,    -4.0124341535558052E-014
   1427.0000000000255       ,    -4.0077979680512080E-014
   1428.0000000000255       ,    -4.0031685441721339E-014
   1429.0000000000257       ,    -3.9985458730038241E-014
   1430.0000000000257       ,    -3.9939299455944713E-014
   1431.0000000000257       ,    -3.9893207530072597E-014
   1432.0000000000259       ,    -3.9847182863055474E-014
   1433.0000000000259       ,    -3.9801225365701942E-014
   1434.0000000000259       ,    -3.9755334948036388E-014
   1435.0000000000261       ,    -3.9709511520545231E-014
   1436.0000000000261       ,    -3.9663754993562886E-014
   1437.0000000000261       ,    -3.9618065277479255E-014
   1438.0000000000264       ,    -3.9572442282241480E-014
   1439.0000000000264       ,    -3.9526885918293021E-014
   1440.0000000000264       ,    -3.9481396095495318E-014
   1441.0000000000266       ,    -3.9435972724128039E-014
   1442.0000000000266       ,    -3.9390615713841299E-014
   1443.0000000000266       ,    -3.9345324974756861E-014
   1444.0000000000268       ,    -3.9300100416665268E-014
   1445.0000000000268       ,    -3.9254941949421423E-014
   1446.0000000000268       ,    -3.9209849483027610E-014
   1447.0000000000271       ,    -3.9164822927168710E-014
   1448.0000000000271       ,    -3.9119862191390960E-014
   1449.0000000000271       ,    -3.9074967185510884E-014
   1450.0000000000273       ,    -3.9030137819125907E-014
   1451.0000000000273       ,    -3.8985374001883440E-014
   1452.0000000000273       ,    -3.8940675643335399E-014
   1453.0000000000275       ,    -3.8896042653264794E-014
   1454.0000000000275       ,    -3.8851474940704367E-014
   1455.0000000000275       ,    -3.8806972415464832E-014
   1456.0000000000277       ,    -3.8762534987013313E-014
   1457.0000000000277       ,    -3.8718162564714663E-014
   1458.0000000000277       ,    -3.8673855058016543E-014
   1459.0000000000280       ,    -3.8629612376383141E-014
   1460.0000000000280       ,    -3.8585434428936565E-014
   1461.0000000000280       ,    -3.8541321125336153E-014
   1462.0000000000282       ,    -3.8497272374800481E-014
   1463.0000000000282       ,    -3.8453288086507324E-014
   1464.0000000000282       ,    -3.8409368170078554E-014
   1465.0000000000284       ,    -3.8365512534432550E-014
   1466.0000000000284       ,    -3.8321721089075201E-014
   1467.0000000000284       ,    -3.8277993743518086E-014
   1468.0000000000286       ,    -3.8234330406450088E-014
   1469.0000000000286       ,    -3.8190730987578729E-014
   1470.0000000000286       ,    -3.8147195395915512E-014
   1471.0000000000289       ,    -3.8103723541001669E-014
   1472.0000000000289       ,    -3.8060315331699196E-014
   1473.0000000000289       ,    -3.8016970677594947E-014
   1474.0000000000291       ,    -3.7973689487833079E-014
   1475.0000000000291       ,    -3.7930471671555843E-014
   1476.0000000000291       ,    -3.7887317138144388E-014
   1477.0000000000293       ,    -3.7844225796633579E-014
   1478.0000000000293       ,    -3.7801197556644191E-014
   1479.0000000000293       ,    -3.7758232326961626E-014
   1480.0000000000296       ,    -3.7715330017374993E-014
   1481.0000000000296       ,    -3.7672490536991709E-014
   1482.0000000000296       ,    -3.7629713794864541E-014
   1483.0000000000298       ,    -3.7586999700348122E-014
   1484.0000000000298       ,    -3.7544348163099267E-014
   1485.0000000000298       ,    -3.7501759092170126E-014
   1486.0000000000300       ,    -3.7459232396970103E-014
   1487.0000000000300       ,    -3.7416767986829924E-014
   1488.0000000000300       ,    -3.7374365771145013E-014
   1489.0000000000302       ,    -3.7332025659435625E-014
   1490.0000000000302       ,    -3.7289747561018993E-014
   1491.0000000000302       ,    -3.7247531385179697E-014
   1492.0000000000302       ,    -3.7205377041633434E-014
   1493.0000000000305       ,    -3.7163284439693220E-014
   1494.0000000000305       ,    -3.7121253489037013E-014
   1495.0000000000305       ,    -3.7079284099045552E-014
   1496.0000000000307       ,    -3.7037376179234731E-014
   1497.0000000000307       ,    -3.6995529639450395E-014
   1498.0000000000307       ,    -3.6953744389058080E-014
   1499.0000000000309       ,    -3.6912020337790902E-014
   1500.0000000000309       ,    -3.6870357395347232E-014
