   1.0000000000000000       ,     3.5186368958962136E-006
   2.0000000000000000       ,     7.4544212673377132E-007
   3.0000000000000004       ,     2.9519795037659098E-007
   4.0000000000000000       ,     1.5427181023594372E-007
   5.0000000000000000       ,     9.4572683095465177E-008
   6.0000000000000000       ,     6.4211028462846530E-008
   7.0000000000000000       ,     4.6719308556129284E-008
   8.0000000000000000       ,     3.5686654925424268E-008
   9.0000000000000018       ,     2.8237306069429919E-008
   10.000000000000002       ,     2.2937195312748018E-008
   11.000000000000002       ,     1.9009229963325120E-008
   12.000000000000004       ,     1.6002937735378977E-008
   13.000000000000004       ,     1.3642140193766966E-008
   14.000000000000005       ,     1.1749326484739581E-008
   15.000000000000005       ,     1.0205719855062241E-008
   16.000000000000004       ,     8.9290553162794351E-009
   17.000000000000004       ,     7.8606388978624486E-009
   18.000000000000004       ,     6.9575060576125952E-009
   19.000000000000000       ,     6.1874998225477432E-009
   20.000000000000000       ,     5.5260831755548891E-009
   21.000000000000000       ,     4.9542158665169615E-009
   22.000000000000000       ,     4.4569041008456001E-009
   22.999999999999996       ,     4.0221871028718152E-009
   23.999999999999996       ,     3.6404142955192325E-009
   24.999999999999996       ,     3.3037201267089757E-009
   25.999999999999993       ,     3.0056360578627541E-009
   26.999999999999993       ,     2.7407995145799638E-009
   27.999999999999993       ,     2.5047325513058604E-009
   28.999999999999993       ,     2.2936714217648760E-009
   29.999999999999989       ,     2.1044338537125821E-009
   30.999999999999993       ,     1.9343146164253890E-009
   31.999999999999996       ,     1.7810025745268373E-009
   33.000000000000000       ,     1.6425142396712154E-009
   34.000000000000000       ,     1.5171401186744268E-009
   35.000000000000000       ,     1.4034010800506443E-009
   36.000000000000007       ,     1.3000126317859285E-009
   37.000000000000007       ,     1.2058554961392046E-009
   38.000000000000007       ,     1.1199512335928451E-009
   39.000000000000014       ,     1.0414419430284418E-009
   40.000000000000014       ,     9.6957327349767147E-010
   41.000000000000014       ,     9.0368014235444112E-010
   42.000000000000021       ,     8.4317467714530402E-010
   43.000000000000021       ,     7.8753599423307980E-010
   44.000000000000021       ,     7.3630150166107265E-010
   45.000000000000028       ,     6.8905947272486313E-010
   46.000000000000028       ,     6.4544268329218054E-010
   47.000000000000028       ,     6.0512294323844016E-010
   48.000000000000036       ,     5.6780638220446883E-010
   49.000000000000036       ,     5.3322937401219057E-010
   50.000000000000036       ,     5.0115500363798212E-010
   51.000000000000043       ,     4.7136999658105108E-010
   52.000000000000043       ,     4.4368204348873484E-010
   53.000000000000043       ,     4.1791746364715481E-010
   54.000000000000050       ,     3.9391915978370933E-010
   55.000000000000050       ,     3.7154482395855265E-010
   56.000000000000050       ,     3.5066536043851098E-010
   57.000000000000057       ,     3.3116349650796854E-010
   58.000000000000057       ,     3.1293255646269493E-010
   59.000000000000057       ,     2.9587537759116906E-010
   60.000000000000064       ,     2.7990334997580400E-010
   61.000000000000057       ,     2.6493556448479041E-010
   62.000000000000050       ,     2.5089805550010198E-010
   63.000000000000050       ,     2.3772312674349577E-010
   64.000000000000043       ,     2.2534875013864423E-010
   65.000000000000043       ,     2.1371802897710328E-010
   66.000000000000028       ,     2.0277871779858159E-010
   67.000000000000028       ,     1.9248279237314717E-010
   68.000000000000028       ,     1.8278606402385131E-010
   69.000000000000028       ,     1.7364783323937397E-010
   70.000000000000014       ,     1.6503057817116120E-010
   71.000000000000014       ,     1.5689967413599496E-010
   72.000000000000014       ,     1.4922314072218410E-010
   73.000000000000000       ,     1.4197141350906748E-010
   74.000000000000000       ,     1.3511713775234560E-010
   75.000000000000000       ,     1.2863498171036451E-010
   75.999999999999986       ,     1.2250146755018946E-010
   76.999999999999986       ,     1.1669481800660955E-010
   77.999999999999986       ,     1.1119481717873202E-010
   78.999999999999986       ,     1.0598268402664252E-010
   79.999999999999972       ,     1.0104095729259054E-010
   80.999999999999972       ,     9.6353390707545598E-011
   81.999999999999972       ,     9.1904857472201255E-011
   82.999999999999957       ,     8.7681263107654067E-011
   83.999999999999957       ,     8.3669465866941777E-011
   84.999999999999957       ,     7.9857203984519157E-011
   85.999999999999943       ,     7.6233029116882639E-011
   86.999999999999943       ,     7.2786245394963787E-011
   87.999999999999943       ,     6.9506853563919358E-011
   88.999999999999943       ,     6.6385499745286174E-011
   89.999999999999929       ,     6.3413428399027861E-011
   90.999999999999929       ,     6.0582439105178643E-011
   91.999999999999929       ,     5.7884846825870272E-011
   92.999999999999915       ,     5.5313445334179648E-011
   93.999999999999915       ,     5.2861473539120583E-011
   94.999999999999915       ,     5.0522584446365680E-011
   95.999999999999901       ,     4.8290816531815911E-011
   96.999999999999901       ,     4.6160567321092505E-011
   97.999999999999901       ,     4.4126568985379813E-011
   98.999999999999901       ,     4.2183865786517698E-011
   99.999999999999886       ,     4.0327793215607945E-011
   100.99999999999989       ,     3.8553958685661812E-011
   101.99999999999989       ,     3.6858223649929596E-011
   102.99999999999987       ,     3.5236687030427974E-011
   103.99999999999987       ,     3.3685669851186786E-011
   104.99999999999987       ,     3.2201700979292744E-011
   105.99999999999986       ,     3.0781503884936060E-011
   106.99999999999986       ,     2.9421984342529587E-011
   107.99999999999986       ,     2.8120218996409916E-011
   108.99999999999986       ,     2.6873444725883526E-011
   109.99999999999984       ,     2.5679048747980268E-011
   110.99999999999984       ,     2.4534559400464859E-011
   111.99999999999984       ,     2.3437637554617959E-011
   112.99999999999983       ,     2.2386068610277708E-011
   113.99999999999983       ,     2.1377755028553080E-011
   114.99999999999983       ,     2.0410709363886797E-011
   115.99999999999982       ,     1.9483047758201754E-011
   116.99999999999982       ,     1.8592983862186402E-011
   117.99999999999982       ,     1.7738823154680927E-011
   118.99999999999982       ,     1.6918957630413037E-011
   119.99999999999980       ,     1.6131860829485210E-011
   120.99999999999980       ,     1.5376083184973951E-011
   121.99999999999980       ,     1.4650247666388673E-011
   122.99999999999979       ,     1.3953045697393851E-011
   123.99999999999979       ,     1.3283233329517848E-011
   124.99999999999979       ,     1.2639627653871292E-011
   125.99999999999977       ,     1.2021103434531490E-011
   126.99999999999977       ,     1.1426589948859569E-011
   127.99999999999977       ,     1.0855068020037098E-011
   128.99999999999977       ,     1.0305567229619762E-011
   129.99999999999977       ,     9.7771632977835193E-012
   130.99999999999974       ,     9.2689756199212999E-012
   131.99999999999974       ,     8.7801649502936500E-012
   132.99999999999974       ,     8.3099312211179669E-012
   133.99999999999974       ,     7.8575114906688701E-012
   134.99999999999974       ,     7.4221780106696596E-012
   135.99999999999974       ,     7.0032364049867228E-012
   136.99999999999974       ,     6.6000239535598988E-012
   137.99999999999972       ,     6.2119079749824999E-012
   138.99999999999972       ,     5.8382842997738817E-012
   139.99999999999972       ,     5.4785758308913147E-012
   140.99999999999972       ,     5.1322311845656948E-012
   141.99999999999972       ,     4.7987234071709187E-012
   142.99999999999972       ,     4.4775487632092671E-012
   143.99999999999969       ,     4.1682255900048852E-012
   144.99999999999969       ,     3.8702932153682555E-012
   145.99999999999969       ,     3.5833109339034479E-012
   146.99999999999969       ,     3.3068570394093693E-012
   147.99999999999969       ,     3.0405279083946592E-012
   148.99999999999969       ,     2.7839371336637814E-012
   149.99999999999969       ,     2.5367147034705133E-012
   150.99999999999966       ,     2.2985062240445134E-012
   151.99999999999966       ,     2.0689721836532372E-012
   152.99999999999966       ,     1.8477872543134478E-012
   153.99999999999966       ,     1.6346396305376089E-012
   154.99999999999966       ,     1.4292304020908654E-012
   155.99999999999966       ,     1.2312729588808840E-012
   156.99999999999966       ,     1.0404924264719991E-012
   157.99999999999963       ,     8.5662513056575964E-013
   158.99999999999963       ,     6.7941808781318606E-013
   159.99999999999963       ,     5.0862852336643480E-013
   160.99999999999963       ,     3.4402341161997988E-013
   161.99999999999963       ,     1.8537904061531035E-013
   162.99999999999963       ,     3.2480597327828464E-014
   163.99999999999960       ,    -1.1487822593946182E-013
   164.99999999999960       ,    -2.5689560624071975E-013
   165.99999999999960       ,    -3.9376194651691833E-013
   166.99999999999960       ,    -5.2566021416770550E-013
   167.99999999999960       ,    -6.5276626405281816E-013
   168.99999999999960       ,    -7.7524914549660516E-013
   169.99999999999960       ,    -8.9327139466813876E-013
   170.99999999999957       ,    -1.0069893132146634E-012
   171.99999999999957       ,    -1.1165532334367410E-012
   172.99999999999957       ,    -1.2221077713773462E-012
   173.99999999999957       ,    -1.3237920676313674E-012
   174.99999999999957       ,    -1.4217400169578938E-012
   175.99999999999957       ,    -1.5160804877548742E-012
   176.99999999999957       ,    -1.6069375306755709E-012
   177.99999999999955       ,    -1.6944305781245039E-012
   178.99999999999955       ,    -1.7786746344176473E-012
   179.99999999999955       ,    -1.8597804574732495E-012
   180.99999999999955       ,    -1.9378547320155431E-012
   181.99999999999955       ,    -2.0130002351495022E-012
   182.99999999999955       ,    -2.0853159945113100E-012
   183.99999999999952       ,    -2.1548974391740748E-012
   184.99999999999952       ,    -2.2218365439876448E-012
   185.99999999999952       ,    -2.2862219676075885E-012
   186.99999999999952       ,    -2.3481391841523581E-012
   187.99999999999952       ,    -2.4076706093106613E-012
   188.99999999999952       ,    -2.4648957209909057E-012
   189.99999999999952       ,    -2.5198911745263304E-012
   190.99999999999949       ,    -2.5727309129768472E-012
   191.99999999999949       ,    -2.6234862726424262E-012
   192.99999999999949       ,    -2.6722260842318348E-012
   193.99999999999949       ,    -2.7190167694675451E-012
   194.99999999999949       ,    -2.7639224336787228E-012
   195.99999999999949       ,    -2.8070049544743258E-012
   196.99999999999949       ,    -2.8483240667420173E-012
   197.99999999999946       ,    -2.8879374439331985E-012
   198.99999999999946       ,    -2.9259007760321699E-012
   199.99999999999946       ,    -2.9622678443530617E-012
   200.99999999999946       ,    -2.9970905930795284E-012
   201.99999999999946       ,    -3.0304191978957320E-012
   202.99999999999946       ,    -3.0623021319607321E-012
   203.99999999999943       ,    -3.0927862288954516E-012
   204.99999999999943       ,    -3.1219167434593656E-012
   205.99999999999943       ,    -3.1497374096130052E-012
   206.99999999999943       ,    -3.1762904962597666E-012
   207.99999999999943       ,    -3.2016168607830473E-012
   208.99999999999943       ,    -3.2257560004051257E-012
   209.99999999999943       ,    -3.2487461015218209E-012
   210.99999999999940       ,    -3.2706240869379061E-012
   211.99999999999940       ,    -3.2914256615360137E-012
   212.99999999999940       ,    -3.3111853557509933E-012
   213.99999999999940       ,    -3.3299365676413862E-012
   214.99999999999940       ,    -3.3477116031317472E-012
   215.99999999999940       ,    -3.3645417148529862E-012
   216.99999999999937       ,    -3.3804571392940173E-012
   217.99999999999937       ,    -3.3954871325996036E-012
   218.99999999999937       ,    -3.4096600049905097E-012
   219.99999999999937       ,    -3.4230031538110025E-012
   220.99999999999937       ,    -3.4355430955028067E-012
   221.99999999999937       ,    -3.4473054959395287E-012
   222.99999999999937       ,    -3.4583152001391309E-012
   223.99999999999935       ,    -3.4685962604141492E-012
   224.99999999999935       ,    -3.4781719637372520E-012
   225.99999999999935       ,    -3.4870648578507912E-012
   226.99999999999935       ,    -3.4952967766434936E-012
   227.99999999999935       ,    -3.5028888643976541E-012
   228.99999999999935       ,    -3.5098615992133087E-012
   229.99999999999935       ,    -3.5162348154834129E-012
   230.99999999999932       ,    -3.5220277256959259E-012
   231.99999999999932       ,    -3.5272589412458662E-012
   232.99999999999932       ,    -3.5319464926641396E-012
   233.99999999999932       ,    -3.5361078489477103E-012
   234.99999999999932       ,    -3.5397599362734344E-012
   235.99999999999932       ,    -3.5429191560350475E-012
   236.99999999999929       ,    -3.5456014022065937E-012
   237.99999999999929       ,    -3.5478220780719255E-012
   238.99999999999932       ,    -3.5495961123685053E-012
   239.99999999999935       ,    -3.5509379748413532E-012
   240.99999999999937       ,    -3.5518616912885433E-012
   241.99999999999937       ,    -3.5523808579517954E-012
   242.99999999999940       ,    -3.5525086555407669E-012
   243.99999999999943       ,    -3.5522578627635035E-012
   244.99999999999946       ,    -3.5516408691371616E-012
   245.99999999999949       ,    -3.5506696877058836E-012
   246.99999999999949       ,    -3.5493559670344848E-012
   247.99999999999952       ,    -3.5477110029225642E-012
   248.99999999999955       ,    -3.5457457496587657E-012
   249.99999999999957       ,    -3.5434708309525146E-012
   250.99999999999957       ,    -3.5408965503491373E-012
   251.99999999999960       ,    -3.5380329014997581E-012
   252.99999999999963       ,    -3.5348895777562246E-012
   253.99999999999966       ,    -3.5314759818722702E-012
   254.99999999999969       ,    -3.5278012350166575E-012
   255.99999999999969       ,    -3.5238741855523483E-012
   256.99999999999972       ,    -3.5197034176322595E-012
   257.99999999999972       ,    -3.5152972594767613E-012
   258.99999999999977       ,    -3.5106637912576849E-012
   259.99999999999977       ,    -3.5058108528289965E-012
   260.99999999999983       ,    -3.5007460511576604E-012
   261.99999999999983       ,    -3.4954767675163517E-012
   262.99999999999983       ,    -3.4900101644592674E-012
   263.99999999999989       ,    -3.4843531924862225E-012
   264.99999999999989       ,    -3.4785125965729897E-012
   265.99999999999994       ,    -3.4724949224548940E-012
   266.99999999999994       ,    -3.4663065227050383E-012
   267.99999999999994       ,    -3.4599535625967293E-012
   269.00000000000000       ,    -3.4534420258325276E-012
   270.00000000000000       ,    -3.4467777199483122E-012
   271.00000000000006       ,    -3.4399662817345764E-012
   272.00000000000006       ,    -3.4330131823273892E-012
   273.00000000000006       ,    -3.4259237322201725E-012
   274.00000000000011       ,    -3.4187030860549031E-012
   275.00000000000011       ,    -3.4113562473186585E-012
   276.00000000000011       ,    -3.4038880728368258E-012
   277.00000000000017       ,    -3.3963032771650736E-012
   278.00000000000017       ,    -3.3886064367771152E-012
   279.00000000000023       ,    -3.3808019942496410E-012
   280.00000000000023       ,    -3.3728942621344773E-012
   281.00000000000023       ,    -3.3648874268620586E-012
   282.00000000000028       ,    -3.3567855524331547E-012
   283.00000000000028       ,    -3.3485925840514342E-012
   284.00000000000034       ,    -3.3403123515583756E-012
   285.00000000000034       ,    -3.3319485728933189E-012
   286.00000000000034       ,    -3.3235048573338064E-012
   287.00000000000040       ,    -3.3149847086156947E-012
   288.00000000000040       ,    -3.3063915281145282E-012
   289.00000000000045       ,    -3.2977286177176925E-012
   290.00000000000045       ,    -3.2889991828109770E-012
   291.00000000000045       ,    -3.2802063349976443E-012
   292.00000000000051       ,    -3.2713530948560457E-012
   293.00000000000051       ,    -3.2624423945594628E-012
   294.00000000000057       ,    -3.2534770804229871E-012
   295.00000000000057       ,    -3.2444599153612396E-012
   296.00000000000057       ,    -3.2353935813201377E-012
   297.00000000000063       ,    -3.2262806815697805E-012
   298.00000000000063       ,    -3.2171237429660940E-012
   299.00000000000063       ,    -3.2079252181315152E-012
   300.00000000000068       ,    -3.1986874875931763E-012
   301.00000000000068       ,    -3.1894128617925290E-012
   302.00000000000074       ,    -3.1801035831587706E-012
   303.00000000000074       ,    -3.1707618279377577E-012
   304.00000000000074       ,    -3.1613897081585966E-012
   305.00000000000080       ,    -3.1519892734075858E-012
   306.00000000000080       ,    -3.1425625126158854E-012
   307.00000000000085       ,    -3.1331113557499959E-012
   308.00000000000085       ,    -3.1236376754912020E-012
   309.00000000000085       ,    -3.1141432888363622E-012
   310.00000000000091       ,    -3.1046299586963693E-012
   311.00000000000091       ,    -3.0950993953705319E-012
   312.00000000000097       ,    -3.0855532580410710E-012
   313.00000000000097       ,    -3.0759931562265034E-012
   314.00000000000097       ,    -3.0664206511345713E-012
   315.00000000000102       ,    -3.0568372570351006E-012
   316.00000000000102       ,    -3.0472444425777185E-012
   317.00000000000108       ,    -3.0376436320500701E-012
   318.00000000000108       ,    -3.0280362065823886E-012
   319.00000000000108       ,    -3.0184235054208724E-012
   320.00000000000114       ,    -3.0088068270453040E-012
   321.00000000000114       ,    -2.9991874302804452E-012
   322.00000000000114       ,    -2.9895665354573786E-012
   323.00000000000119       ,    -2.9799453254233676E-012
   324.00000000000119       ,    -2.9703249466223863E-012
   325.00000000000125       ,    -2.9607065100308814E-012
   326.00000000000125       ,    -2.9510910922454575E-012
   327.00000000000125       ,    -2.9414797363445805E-012
   328.00000000000131       ,    -2.9318734528572350E-012
   329.00000000000131       ,    -2.9222732206163609E-012
   330.00000000000136       ,    -2.9126799876938673E-012
   331.00000000000136       ,    -2.9030946721910713E-012
   332.00000000000136       ,    -2.8935181630930220E-012
   333.00000000000142       ,    -2.8839513210701631E-012
   334.00000000000142       ,    -2.8743949792303267E-012
   335.00000000000148       ,    -2.8648499439020239E-012
   336.00000000000148       ,    -2.8553169953536238E-012
   337.00000000000148       ,    -2.8457968885174863E-012
   338.00000000000153       ,    -2.8362903536761579E-012
   339.00000000000153       ,    -2.8267980971192027E-012
   340.00000000000153       ,    -2.8173208018811263E-012
   341.00000000000159       ,    -2.8078591282544379E-012
   342.00000000000159       ,    -2.7984137145029554E-012
   343.00000000000165       ,    -2.7889851774535262E-012
   344.00000000000165       ,    -2.7795741130263809E-012
   345.00000000000165       ,    -2.7701810968726947E-012
   346.00000000000171       ,    -2.7608066848910739E-012
   347.00000000000171       ,    -2.7514514137923812E-012
   348.00000000000176       ,    -2.7421158015905973E-012
   349.00000000000176       ,    -2.7328003481343014E-012
   350.00000000000176       ,    -2.7235055356109055E-012
   351.00000000000182       ,    -2.7142318290155504E-012
   352.00000000000182       ,    -2.7049796766176860E-012
   353.00000000000188       ,    -2.6957495104243100E-012
   354.00000000000188       ,    -2.6865417466287896E-012
   355.00000000000188       ,    -2.6773567860414633E-012
   356.00000000000193       ,    -2.6681950145015624E-012
   357.00000000000193       ,    -2.6590568032918201E-012
   358.00000000000199       ,    -2.6499425095376596E-012
   359.00000000000199       ,    -2.6408524765907534E-012
   360.00000000000199       ,    -2.6317870344120854E-012
   361.00000000000205       ,    -2.6227464999333816E-012
   362.00000000000205       ,    -2.6137311774157817E-012
   363.00000000000205       ,    -2.6047413587993168E-012
   364.00000000000210       ,    -2.5957773240391935E-012
   365.00000000000210       ,    -2.5868393414154404E-012
   366.00000000000216       ,    -2.5779276678999327E-012
   367.00000000000216       ,    -2.5690425494336398E-012
   368.00000000000216       ,    -2.5601842212137311E-012
   369.00000000000222       ,    -2.5513529080347071E-012
   370.00000000000222       ,    -2.5425488245369291E-012
   371.00000000000227       ,    -2.5337721755155880E-012
   372.00000000000227       ,    -2.5250231561565008E-012
   373.00000000000227       ,    -2.5163019523528143E-012
   374.00000000000233       ,    -2.5076087408945082E-012
   375.00000000000233       ,    -2.4989436898020044E-012
   376.00000000000239       ,    -2.4903069584833159E-012
   377.00000000000239       ,    -2.4816986980489066E-012
   378.00000000000239       ,    -2.4731190514890339E-012
   379.00000000000244       ,    -2.4645681539315240E-012
   380.00000000000244       ,    -2.4560461328504537E-012
   381.00000000000244       ,    -2.4475531082673000E-012
   382.00000000000250       ,    -2.4390891929789469E-012
   383.00000000000250       ,    -2.4306544927530720E-012
   384.00000000000256       ,    -2.4222491065337409E-012
   385.00000000000256       ,    -2.4138731266099551E-012
   386.00000000000256       ,    -2.4055266388283594E-012
   387.00000000000261       ,    -2.3972097227534000E-012
   388.00000000000261       ,    -2.3889224518795984E-012
   389.00000000000267       ,    -2.3806648937528037E-012
   390.00000000000267       ,    -2.3724371101875668E-012
   391.00000000000267       ,    -2.3642391574174557E-012
   392.00000000000273       ,    -2.3560710862179241E-012
   393.00000000000273       ,    -2.3479329421183341E-012
   394.00000000000279       ,    -2.3398247655258953E-012
   395.00000000000279       ,    -2.3317465918620522E-012
   396.00000000000279       ,    -2.3236984517262995E-012
   397.00000000000284       ,    -2.3156803710281827E-012
   398.00000000000284       ,    -2.3076923711133651E-012
   399.00000000000290       ,    -2.2997344689300159E-012
   400.00000000000290       ,    -2.2918066771164735E-012
   401.00000000000290       ,    -2.2839090041457516E-012
   402.00000000000296       ,    -2.2760414544588897E-012
   403.00000000000296       ,    -2.2682040285615863E-012
   404.00000000000296       ,    -2.2603967231651560E-012
   405.00000000000301       ,    -2.2526195312821680E-012
   406.00000000000301       ,    -2.2448724423338154E-012
   407.00000000000307       ,    -2.2371554422800190E-012
   408.00000000000307       ,    -2.2294685137024429E-012
   409.00000000000307       ,    -2.2218116359162310E-012
   410.00000000000313       ,    -2.2141847850569480E-012
   411.00000000000313       ,    -2.2065879342096211E-012
   412.00000000000318       ,    -2.1990210534601719E-012
   413.00000000000318       ,    -2.1914841100210462E-012
   414.00000000000318       ,    -2.1839770683075124E-012
   415.00000000000324       ,    -2.1764998900151479E-012
   416.00000000000324       ,    -2.1690525342240124E-012
   417.00000000000330       ,    -2.1616349574745946E-012
   418.00000000000330       ,    -2.1542471138365171E-012
   419.00000000000330       ,    -2.1468889550093316E-012
   420.00000000000335       ,    -2.1395604303759733E-012
   421.00000000000335       ,    -2.1322614870935543E-012
   422.00000000000335       ,    -2.1249920701598013E-012
   423.00000000000341       ,    -2.1177521224751935E-012
   424.00000000000341       ,    -2.1105415849404553E-012
   425.00000000000347       ,    -2.1033603964812886E-012
   426.00000000000347       ,    -2.0962084941517345E-012
   427.00000000000347       ,    -2.0890858131789678E-012
   428.00000000000352       ,    -2.0819922870210142E-012
   429.00000000000352       ,    -2.0749278474547062E-012
   430.00000000000358       ,    -2.0678924245863662E-012
   431.00000000000358       ,    -2.0608859469637667E-012
   432.00000000000358       ,    -2.0539083415859175E-012
   433.00000000000364       ,    -2.0469595339914017E-012
   434.00000000000364       ,    -2.0400394482841353E-012
   435.00000000000369       ,    -2.0331480072134872E-012
   436.00000000000369       ,    -2.0262851321937150E-012
   437.00000000000369       ,    -2.0194507433786784E-012
   438.00000000000375       ,    -2.0126447596905026E-012
   439.00000000000375       ,    -2.0058670988763609E-012
   440.00000000000381       ,    -1.9991176775563826E-012
   441.00000000000381       ,    -1.9923964112613574E-012
   442.00000000000381       ,    -1.9857032144666738E-012
   443.00000000000387       ,    -1.9790380006577690E-012
   444.00000000000387       ,    -1.9724006823541485E-012
   445.00000000000387       ,    -1.9657911711392206E-012
   446.00000000000392       ,    -1.9592093777317253E-012
   447.00000000000392       ,    -1.9526552119866047E-012
   448.00000000000398       ,    -1.9461285829588502E-012
   449.00000000000398       ,    -1.9396293989224207E-012
   450.00000000000398       ,    -1.9331575674107209E-012
   451.00000000000404       ,    -1.9267129952498920E-012
   452.00000000000404       ,    -1.9202955885911135E-012
   453.00000000000409       ,    -1.9139052529565228E-012
   454.00000000000409       ,    -1.9075418932349176E-012
   455.00000000000409       ,    -1.9012054137446519E-012
   456.00000000000415       ,    -1.8948957182621723E-012
   457.00000000000415       ,    -1.8886127100212203E-012
   458.00000000000421       ,    -1.8823562917752199E-012
   459.00000000000421       ,    -1.8761263658048393E-012
   460.00000000000421       ,    -1.8699228339440283E-012
   461.00000000000426       ,    -1.8637455976243448E-012
   462.00000000000426       ,    -1.8575945578745217E-012
   463.00000000000426       ,    -1.8514696153598127E-012
   464.00000000000432       ,    -1.8453706704060766E-012
   465.00000000000432       ,    -1.8392976230138960E-012
   466.00000000000438       ,    -1.8332503728854383E-012
   467.00000000000438       ,    -1.8272288194578279E-012
   468.00000000000438       ,    -1.8212328618999685E-012
   469.00000000000443       ,    -1.8152623991524067E-012
   470.00000000000443       ,    -1.8093173299470997E-012
   471.00000000000449       ,    -1.8033975528128347E-012
   472.00000000000449       ,    -1.7975029661058665E-012
   473.00000000000449       ,    -1.7916334680331106E-012
   474.00000000000455       ,    -1.7857889566480027E-012
   475.00000000000455       ,    -1.7799693298867025E-012
   476.00000000000460       ,    -1.7741744855903656E-012
   477.00000000000460       ,    -1.7684043214970453E-012
   478.00000000000455       ,    -1.7626587352865495E-012
   479.00000000000455       ,    -1.7569376245701965E-012
   480.00000000000449       ,    -1.7512408869157995E-012
   481.00000000000449       ,    -1.7455684198764648E-012
   482.00000000000443       ,    -1.7399201209815190E-012
   483.00000000000443       ,    -1.7342958877664253E-012
   484.00000000000438       ,    -1.7286956177771191E-012
   485.00000000000438       ,    -1.7231192085858015E-012
   486.00000000000432       ,    -1.7175665578116416E-012
   487.00000000000432       ,    -1.7120375631175710E-012
   488.00000000000426       ,    -1.7065321222315295E-012
   489.00000000000421       ,    -1.7010501329631169E-012
   490.00000000000421       ,    -1.6955914931970884E-012
   491.00000000000415       ,    -1.6901561009314202E-012
   492.00000000000415       ,    -1.6847438542586783E-012
   493.00000000000409       ,    -1.6793546513974283E-012
   494.00000000000409       ,    -1.6739883906893539E-012
   495.00000000000404       ,    -1.6686449706201549E-012
   496.00000000000404       ,    -1.6633242898117996E-012
   497.00000000000398       ,    -1.6580262470557597E-012
   498.00000000000398       ,    -1.6527507413035552E-012
   499.00000000000392       ,    -1.6474976716740504E-012
   500.00000000000392       ,    -1.6422669374753196E-012
   501.00000000000387       ,    -1.6370584382001549E-012
   502.00000000000381       ,    -1.6318720735421047E-012
   503.00000000000381       ,    -1.6267077433998140E-012
   504.00000000000375       ,    -1.6215653478809304E-012
   505.00000000000375       ,    -1.6164447873112490E-012
   506.00000000000369       ,    -1.6113459622511748E-012
   507.00000000000369       ,    -1.6062687734776467E-012
   508.00000000000364       ,    -1.6012131220242256E-012
   509.00000000000364       ,    -1.5961789091530341E-012
   510.00000000000358       ,    -1.5911660363859330E-012
   511.00000000000358       ,    -1.5861744054973232E-012
   512.00000000000352       ,    -1.5812039185269298E-012
   513.00000000000352       ,    -1.5762544777770267E-012
   514.00000000000341       ,    -1.5713259858251522E-012
   515.00000000000341       ,    -1.5664183455263255E-012
   516.00000000000341       ,    -1.5615314600096178E-012
   517.00000000000341       ,    -1.5566652327033841E-012
   518.00000000000330       ,    -1.5518195673147206E-012
   519.00000000000330       ,    -1.5469943678523194E-012
   520.00000000000330       ,    -1.5421895386216335E-012
   521.00000000000330       ,    -1.5374049842342483E-012
   522.00000000000318       ,    -1.5326406096006715E-012
   523.00000000000318       ,    -1.5278963199460526E-012
   524.00000000000318       ,    -1.5231720208172532E-012
   525.00000000000307       ,    -1.5184676180652186E-012
   526.00000000000307       ,    -1.5137830178667185E-012
   527.00000000000307       ,    -1.5091181267245464E-012
   528.00000000000307       ,    -1.5044728514639176E-012
   529.00000000000296       ,    -1.4998470992400244E-012
   530.00000000000296       ,    -1.4952407775406495E-012
   531.00000000000296       ,    -1.4906537941838159E-012
   532.00000000000296       ,    -1.4860860573349503E-012
   533.00000000000284       ,    -1.4815374754848970E-012
   534.00000000000284       ,    -1.4770079574776770E-012
   535.00000000000284       ,    -1.4724974124888728E-012
   536.00000000000284       ,    -1.4680057500512261E-012
   537.00000000000273       ,    -1.4635328800360151E-012
   538.00000000000273       ,    -1.4590787126710314E-012
   539.00000000000273       ,    -1.4546431585251624E-012
   540.00000000000261       ,    -1.4502261285302450E-012
   541.00000000000261       ,    -1.4458275339630164E-012
   542.00000000000261       ,    -1.4414472864625757E-012
   543.00000000000261       ,    -1.4370852980184691E-012
   544.00000000000250       ,    -1.4327414809825483E-012
   545.00000000000250       ,    -1.4284157480604100E-012
   546.00000000000250       ,    -1.4241080123259388E-012
   547.00000000000250       ,    -1.4198181872080661E-012
   548.00000000000239       ,    -1.4155461865010546E-012
   549.00000000000239       ,    -1.4112919243560731E-012
   550.00000000000239       ,    -1.4070553152920124E-012
   551.00000000000227       ,    -1.4028362741950004E-012
   552.00000000000227       ,    -1.3986347163115775E-012
   553.00000000000227       ,    -1.3944505572525707E-012
   554.00000000000227       ,    -1.3902837130001595E-012
   555.00000000000216       ,    -1.3861340998993376E-012
   556.00000000000216       ,    -1.3820016346618420E-012
   557.00000000000216       ,    -1.3778862343689365E-012
   558.00000000000216       ,    -1.3737878164654658E-012
   559.00000000000205       ,    -1.3697062987677292E-012
   560.00000000000205       ,    -1.3656415994580539E-012
   561.00000000000205       ,    -1.3615936370861437E-012
   562.00000000000193       ,    -1.3575623305693494E-012
   563.00000000000193       ,    -1.3535475991938829E-012
   564.00000000000193       ,    -1.3495493626129312E-012
   565.00000000000193       ,    -1.3455675408495109E-012
   566.00000000000182       ,    -1.3416020542898574E-012
   567.00000000000182       ,    -1.3376528236893821E-012
   568.00000000000182       ,    -1.3337197701736063E-012
   569.00000000000182       ,    -1.3298028152329814E-012
   570.00000000000171       ,    -1.3259018807187817E-012
   571.00000000000171       ,    -1.3220168888567510E-012
   572.00000000000171       ,    -1.3181477622355436E-012
   573.00000000000171       ,    -1.3142944238073511E-012
   574.00000000000159       ,    -1.3104567968898859E-012
   575.00000000000159       ,    -1.3066348051662658E-012
   576.00000000000159       ,    -1.3028283726791151E-012
   577.00000000000148       ,    -1.2990374238409194E-012
   578.00000000000148       ,    -1.2952618834211308E-012
   579.00000000000148       ,    -1.2915016765517202E-012
   580.00000000000148       ,    -1.2877567287287639E-012
   581.00000000000136       ,    -1.2840269658077103E-012
   582.00000000000136       ,    -1.2803123140020410E-012
   583.00000000000136       ,    -1.2766126998831766E-012
   584.00000000000136       ,    -1.2729280503853135E-012
   585.00000000000125       ,    -1.2692582927926340E-012
   586.00000000000125       ,    -1.2656033547556315E-012
   587.00000000000125       ,    -1.2619631642698145E-012
   588.00000000000114       ,    -1.2583376496988680E-012
   589.00000000000114       ,    -1.2547267397432193E-012
   590.00000000000114       ,    -1.2511303634695194E-012
   591.00000000000114       ,    -1.2475484502917158E-012
   592.00000000000102       ,    -1.2439809299725723E-012
   593.00000000000102       ,    -1.2404277326306518E-012
   594.00000000000102       ,    -1.2368887887258989E-012
   595.00000000000102       ,    -1.2333640290709351E-012
   596.00000000000091       ,    -1.2298533848264753E-012
   597.00000000000091       ,    -1.2263567874965596E-012
   598.00000000000091       ,    -1.2228741689282358E-012
   599.00000000000080       ,    -1.2194054613140592E-012
   600.00000000000080       ,    -1.2159505971930151E-012
   601.00000000000080       ,    -1.2125095094364675E-012
   602.00000000000080       ,    -1.2090821312644033E-012
   603.00000000000068       ,    -1.2056683962294239E-012
   604.00000000000068       ,    -1.2022682382311375E-012
   605.00000000000068       ,    -1.1988815914928767E-012
   606.00000000000068       ,    -1.1955083905860942E-012
   607.00000000000057       ,    -1.1921485704060959E-012
   608.00000000000057       ,    -1.1888020661888004E-012
   609.00000000000057       ,    -1.1854688134989485E-012
   610.00000000000057       ,    -1.1821487482307581E-012
   611.00000000000045       ,    -1.1788418066113154E-012
   612.00000000000045       ,    -1.1755479251921191E-012
   613.00000000000045       ,    -1.1722670408531522E-012
   614.00000000000034       ,    -1.1689990907999860E-012
   615.00000000000034       ,    -1.1657440125628156E-012
   616.00000000000034       ,    -1.1625017439950706E-012
   617.00000000000034       ,    -1.1592722232694154E-012
   618.00000000000023       ,    -1.1560553888824187E-012
   619.00000000000023       ,    -1.1528511796489931E-012
   620.00000000000023       ,    -1.1496595346958714E-012
   621.00000000000023       ,    -1.1464803934791278E-012
   622.00000000000011       ,    -1.1433136957571186E-012
   623.00000000000011       ,    -1.1401593816073264E-012
   624.00000000000011       ,    -1.1370173914201392E-012
   625.00000000000000       ,    -1.1338876658948750E-012
   626.00000000000000       ,    -1.1307701460464011E-012
   627.00000000000000       ,    -1.1276647731899620E-012
   628.00000000000000       ,    -1.1245714889528720E-012
   628.99999999999989       ,    -1.1214902352680297E-012
   629.99999999999989       ,    -1.1184209543694535E-012
   630.99999999999989       ,    -1.1153635887987742E-012
   631.99999999999989       ,    -1.1123180813962900E-012
   632.99999999999977       ,    -1.1092843753038380E-012
   633.99999999999977       ,    -1.1062624139621956E-012
   634.99999999999977       ,    -1.1032521411056617E-012
   635.99999999999966       ,    -1.1002535007724614E-012
   636.99999999999966       ,    -1.0972664372905965E-012
   637.99999999999966       ,    -1.0942908952814101E-012
   638.99999999999966       ,    -1.0913268196583834E-012
   639.99999999999955       ,    -1.0883741556308930E-012
   640.99999999999955       ,    -1.0854328486897604E-012
   641.99999999999955       ,    -1.0825028446179670E-012
   642.99999999999955       ,    -1.0795840894868465E-012
   643.99999999999943       ,    -1.0766765296490834E-012
   644.99999999999943       ,    -1.0737801117435197E-012
   645.99999999999943       ,    -1.0708947826911625E-012
   646.99999999999932       ,    -1.0680204896930662E-012
   647.99999999999932       ,    -1.0651571802324930E-012
   648.99999999999932       ,    -1.0623048020698472E-012
   649.99999999999932       ,    -1.0594633032399276E-012
   650.99999999999920       ,    -1.0566326320563351E-012
   651.99999999999920       ,    -1.0538127371068219E-012
   652.99999999999920       ,    -1.0510035672510840E-012
   653.99999999999920       ,    -1.0482050716236455E-012
   654.99999999999909       ,    -1.0454171996221251E-012
   655.99999999999909       ,    -1.0426399009199347E-012
   656.99999999999909       ,    -1.0398731254552544E-012
   657.99999999999909       ,    -1.0371168234314225E-012
   658.99999999999898       ,    -1.0343709453182796E-012
   659.99999999999898       ,    -1.0316354418500633E-012
   660.99999999999898       ,    -1.0289102640190332E-012
   661.99999999999886       ,    -1.0261953630828432E-012
   662.99999999999886       ,    -1.0234906905552087E-012
   663.99999999999886       ,    -1.0207961982104768E-012
   664.99999999999886       ,    -1.0181118380806362E-012
   665.99999999999875       ,    -1.0154375624479730E-012
   666.99999999999875       ,    -1.0127733238547828E-012
   667.99999999999875       ,    -1.0101190750921374E-012
   668.99999999999875       ,    -1.0074747692040899E-012
   669.99999999999864       ,    -1.0048403594870562E-012
   670.99999999999864       ,    -1.0022157994798522E-012
   671.99999999999864       ,    -9.9960104297825796E-013
   672.99999999999852       ,    -9.9699604401569384E-013
   673.99999999999852       ,    -9.9440075687562028E-013
   674.99999999999852       ,    -9.9181513608320332E-013
   675.99999999999852       ,    -9.8923913640786071E-013
   676.99999999999841       ,    -9.8667271285717039E-013
   677.99999999999841       ,    -9.8411582068066122E-013
   678.99999999999841       ,    -9.8156841536523340E-013
   679.99999999999841       ,    -9.7903045263770346E-013
   680.99999999999829       ,    -9.7650188845772349E-013
   681.99999999999829       ,    -9.7398267901976414E-013
   682.99999999999829       ,    -9.7147278075391124E-013
   683.99999999999818       ,    -9.6897215032213564E-013
   684.99999999999818       ,    -9.6648074461608048E-013
   685.99999999999818       ,    -9.6399852075726027E-013
   686.99999999999818       ,    -9.6152543609643004E-013
   687.99999999999807       ,    -9.5906144821074733E-013
   688.99999999999807       ,    -9.5660651490533733E-013
   689.99999999999807       ,    -9.5416059420798945E-013
   690.99999999999807       ,    -9.5172364437078490E-013
   691.99999999999795       ,    -9.4929562386737457E-013
   692.99999999999795       ,    -9.4687649139323369E-013
   693.99999999999795       ,    -9.4446620586605384E-013
   694.99999999999795       ,    -9.4206472641810910E-013
   695.99999999999784       ,    -9.3967201240075622E-013
   696.99999999999784       ,    -9.3728802338452718E-013
   697.99999999999784       ,    -9.3491271914910440E-013
   698.99999999999773       ,    -9.3254605969450613E-013
   699.99999999999773       ,    -9.3018800522853873E-013
   700.99999999999773       ,    -9.2783851617377563E-013
   701.99999999999773       ,    -9.2549755316315405E-013
   702.99999999999761       ,    -9.2316507703450078E-013
   703.99999999999761       ,    -9.2084104884092078E-013
   704.99999999999761       ,    -9.1852542983637349E-013
   705.99999999999761       ,    -9.1621818148274923E-013
   706.99999999999750       ,    -9.1391926544843540E-013
   707.99999999999750       ,    -9.1162864360150396E-013
   708.99999999999750       ,    -9.0934627801734205E-013
   709.99999999999739       ,    -9.0707213096658725E-013
   710.99999999999739       ,    -9.0480616492809545E-013
   711.99999999999739       ,    -9.0254834256944745E-013
   712.99999999999739       ,    -9.0029862676380425E-013
   713.99999999999727       ,    -8.9805698057976902E-013
   714.99999999999727       ,    -8.9582336727935026E-013
   715.99999999999727       ,    -8.9359775032308649E-013
   716.99999999999727       ,    -8.9138009336003113E-013
   717.99999999999716       ,    -8.8917036023508219E-013
   718.99999999999716       ,    -8.8696851498478094E-013
   719.99999999999716       ,    -8.8477452183309769E-013
   720.99999999999704       ,    -8.8258834519589670E-013
   721.99999999999704       ,    -8.8040994967628102E-013
   722.99999999999704       ,    -8.7823930006366140E-013
   723.99999999999704       ,    -8.7607636133451166E-013
   724.99999999999693       ,    -8.7392109865042212E-013
   725.99999999999693       ,    -8.7177347735642745E-013
   726.99999999999693       ,    -8.6963346297922321E-013
   727.99999999999693       ,    -8.6750102123077723E-013
   728.99999999999682       ,    -8.6537611799933266E-013
   729.99999999999682       ,    -8.6325871935825630E-013
   730.99999999999682       ,    -8.6114879155418245E-013
   731.99999999999682       ,    -8.5904630101603431E-013
   732.99999999999670       ,    -8.5695121434721607E-013
   733.99999999999670       ,    -8.5486349832657420E-013
   734.99999999999670       ,    -8.5278311990851432E-013
   735.99999999999659       ,    -8.5071004622283811E-013
   736.99999999999659       ,    -8.4864424457017556E-013
   737.99999999999659       ,    -8.4658568242125954E-013
   738.99999999999659       ,    -8.4453432742236259E-013
   739.99999999999648       ,    -8.4249014738681261E-013
   740.99999999999648       ,    -8.4045311029457705E-013
   741.99999999999648       ,    -8.3842318429927935E-013
   742.99999999999648       ,    -8.3640033771599778E-013
   743.99999999999636       ,    -8.3438453902970587E-013
   744.99999999999636       ,    -8.3237575688884103E-013
   745.99999999999636       ,    -8.3037396010551376E-013
   746.99999999999625       ,    -8.2837911765588940E-013
   747.99999999999625       ,    -8.2639119867821785E-013
   748.99999999999625       ,    -8.2441017247232792E-013
   749.99999999999625       ,    -8.2243600849852398E-013
   750.99999999999613       ,    -8.2046867637634794E-013
   751.99999999999613       ,    -8.1850814588411826E-013
   752.99999999999613       ,    -8.1655438695718584E-013
   753.99999999999613       ,    -8.1460736968785822E-013
   754.99999999999602       ,    -8.1266706432716658E-013
   755.99999999999602       ,    -8.1073344127768275E-013
   756.99999999999602       ,    -8.0880647109646759E-013
   757.99999999999591       ,    -8.0688612449599153E-013
   758.99999999999591       ,    -8.0497237233927562E-013
   759.99999999999591       ,    -8.0306518564214303E-013
   760.99999999999591       ,    -8.0116453556866270E-013
   761.99999999999579       ,    -7.9927039343652976E-013
   762.99999999999579       ,    -7.9738273070871565E-013
   763.99999999999579       ,    -7.9550151899950064E-013
   764.99999999999579       ,    -7.9362673006717540E-013
   765.99999999999568       ,    -7.9175833581820287E-013
   766.99999999999568       ,    -7.8989630830562953E-013
   767.99999999999568       ,    -7.8804061972549090E-013
   768.99999999999568       ,    -7.8619124241769094E-013
   769.99999999999557       ,    -7.8434814886771599E-013
   770.99999999999557       ,    -7.8251131169794118E-013
   771.99999999999557       ,    -7.8068070367960871E-013
   772.99999999999545       ,    -7.7885629771893522E-013
   773.99999999999545       ,    -7.7703806686354886E-013
   774.99999999999545       ,    -7.7522598430027306E-013
   775.99999999999545       ,    -7.7342002335476115E-013
   776.99999999999534       ,    -7.7162015748976308E-013
   777.99999999999534       ,    -7.6982636030407456E-013
   778.99999999999534       ,    -7.6803860553252950E-013
   779.99999999999534       ,    -7.6625686704690269E-013
   780.99999999999523       ,    -7.6448111885096191E-013
   781.99999999999523       ,    -7.6271133508305242E-013
   782.99999999999523       ,    -7.6094749001363241E-013
   783.99999999999511       ,    -7.5918955804647803E-013
   784.99999999999511       ,    -7.5743751371600056E-013
   785.99999999999511       ,    -7.5569133168689590E-013
   786.99999999999511       ,    -7.5395098675322706E-013
   787.99999999999500       ,    -7.5221645384048525E-013
   788.99999999999500       ,    -7.5048770799992427E-013
   789.99999999999500       ,    -7.4876472441090981E-013
   790.99999999999500       ,    -7.4704747838006404E-013
   791.99999999999488       ,    -7.4533594534183983E-013
   792.99999999999488       ,    -7.4363010085256562E-013
   793.99999999999488       ,    -7.4192992059568148E-013
   794.99999999999477       ,    -7.4023538037881205E-013
   795.99999999999477       ,    -7.3854645613022380E-013
   796.99999999999477       ,    -7.3686312390459390E-013
   797.99999999999477       ,    -7.3518535987580694E-013
   798.99999999999466       ,    -7.3351314034003796E-013
   799.99999999999466       ,    -7.3184644171321509E-013
   800.99999999999466       ,    -7.3018524053151538E-013
   801.99999999999466       ,    -7.2852951345065171E-013
   802.99999999999454       ,    -7.2687923724379605E-013
   803.99999999999454       ,    -7.2523438880285706E-013
   804.99999999999454       ,    -7.2359494513670799E-013
   805.99999999999443       ,    -7.2196088336950632E-013
   806.99999999999443       ,    -7.2033218074285000E-013
   807.99999999999443       ,    -7.1870881461270369E-013
   808.99999999999443       ,    -7.1709076245030268E-013
   809.99999999999432       ,    -7.1547800183702299E-013
   810.99999999999432       ,    -7.1387051047394040E-013
   811.99999999999432       ,    -7.1226826616808291E-013
   812.99999999999432       ,    -7.1067124684292641E-013
   813.99999999999420       ,    -7.0907943053038257E-013
   814.99999999999420       ,    -7.0749279537565481E-013
   815.99999999999420       ,    -7.0591131963017270E-013
   816.99999999999420       ,    -7.0433498165953441E-013
   817.99999999999409       ,    -7.0276375993349270E-013
   818.99999999999409       ,    -7.0119763303293796E-013
   819.99999999999409       ,    -6.9963657964466052E-013
   820.99999999999397       ,    -6.9808057856408914E-013
   821.99999999999397       ,    -6.9652960869044861E-013
   822.99999999999397       ,    -6.9498364903133669E-013
   823.99999999999397       ,    -6.9344267869685529E-013
   824.99999999999386       ,    -6.9190667690425714E-013
   825.99999999999386       ,    -6.9037562297175125E-013
   826.99999999999386       ,    -6.8884949632342497E-013
   827.99999999999386       ,    -6.8732827648462226E-013
   828.99999999999375       ,    -6.8581194308399046E-013
   829.99999999999375       ,    -6.8430047585133313E-013
   830.99999999999375       ,    -6.8279385461585489E-013
   831.99999999999363       ,    -6.8129205931021091E-013
   832.99999999999363       ,    -6.7979506996384319E-013
   833.99999999999363       ,    -6.7830286670794581E-013
   834.99999999999363       ,    -6.7681542977131593E-013
   835.99999999999352       ,    -6.7533273948065174E-013
   836.99999999999352       ,    -6.7385477626052302E-013
   837.99999999999352       ,    -6.7238152063363119E-013
   838.99999999999352       ,    -6.7091295321808529E-013
   839.99999999999341       ,    -6.6944905472692532E-013
   840.99999999999341       ,    -6.6798980597187279E-013
   841.99999999999341       ,    -6.6653518785636536E-013
   842.99999999999329       ,    -6.6508518138017835E-013
   843.99999999999329       ,    -6.6363976763539165E-013
   844.99999999999329       ,    -6.6219892781003809E-013
   845.99999999999329       ,    -6.6076264318127336E-013
   846.99999999999318       ,    -6.5933089512074520E-013
   847.99999999999318       ,    -6.5790366509221738E-013
   848.99999999999318       ,    -6.5648093464933304E-013
   849.99999999999318       ,    -6.5506268543775005E-013
   850.99999999999307       ,    -6.5364889919172379E-013
   851.99999999999307       ,    -6.5223955773768110E-013
   852.99999999999307       ,    -6.5083464298882765E-013
   853.99999999999307       ,    -6.4943413694803421E-013
   854.99999999999295       ,    -6.4803802170688837E-013
   855.99999999999295       ,    -6.4664627944435929E-013
   856.99999999999295       ,    -6.4525889242535697E-013
   857.99999999999284       ,    -6.4387584300419561E-013
   858.99999999999284       ,    -6.4249711361938478E-013
   859.99999999999284       ,    -6.4112268679545208E-013
   860.99999999999284       ,    -6.3975254514232019E-013
   861.99999999999272       ,    -6.3838667135578045E-013
   862.99999999999272       ,    -6.3702504821445101E-013
   863.99999999999272       ,    -6.3566765858225635E-013
   864.99999999999272       ,    -6.3431448540545794E-013
   865.99999999999261       ,    -6.3296551171267179E-013
   866.99999999999261       ,    -6.3162072061743909E-013
   867.99999999999261       ,    -6.3028009531281799E-013
   868.99999999999250       ,    -6.2894361907490902E-013
   869.99999999999250       ,    -6.2761127526143705E-013
   870.99999999999250       ,    -6.2628304730797601E-013
   871.99999999999250       ,    -6.2495891873184986E-013
   872.99999999999238       ,    -6.2363887313305155E-013
   873.99999999999238       ,    -6.2232289418683878E-013
   874.99999999999238       ,    -6.2101096564812496E-013
   875.99999999999238       ,    -6.1970307135185282E-013
   876.99999999999227       ,    -6.1839919521063325E-013
   877.99999999999227       ,    -6.1709932121234935E-013
   878.99999999999227       ,    -6.1580343342620064E-013
   879.99999999999216       ,    -6.1451151599351971E-013
   880.99999999999216       ,    -6.1322355313596218E-013
   881.99999999999216       ,    -6.1193952914830355E-013
   882.99999999999216       ,    -6.1065942840160590E-013
   883.99999999999204       ,    -6.0938323534331863E-013
   884.99999999999204       ,    -6.0811093449363020E-013
   885.99999999999204       ,    -6.0684251044701618E-013
   886.99999999999204       ,    -6.0557794787320723E-013
   887.99999999999193       ,    -6.0431723151422777E-013
   888.99999999999193       ,    -6.0306034618559106E-013
   889.99999999999193       ,    -6.0180727677611872E-013
   890.99999999999193       ,    -6.0055800824441261E-013
   891.99999999999181       ,    -5.9931252562304849E-013
   892.99999999999181       ,    -5.9807081401545512E-013
   893.99999999999181       ,    -5.9683285859618949E-013
   894.99999999999170       ,    -5.9559864460992627E-013
   895.99999999999170       ,    -5.9436815737268207E-013
   896.99999999999170       ,    -5.9314138226824835E-013
   897.99999999999170       ,    -5.9191830475212363E-013
   898.99999999999159       ,    -5.9069891034786232E-013
   899.99999999999159       ,    -5.8948318464800610E-013
   900.99999999999159       ,    -5.8827111331241759E-013
   901.99999999999159       ,    -5.8706268207118846E-013
   902.99999999999147       ,    -5.8585787671984387E-013
   903.99999999999147       ,    -5.8465668312139280E-013
   904.99999999999147       ,    -5.8345908720712495E-013
   905.99999999999136       ,    -5.8226507497304341E-013
   906.99999999999136       ,    -5.8107463248311669E-013
   907.99999999999136       ,    -5.7988774586609166E-013
   908.99999999999136       ,    -5.7870440131449032E-013
   909.99999999999125       ,    -5.7752458508927436E-013
   910.99999999999125       ,    -5.7634828351340948E-013
   911.99999999999125       ,    -5.7517548297535900E-013
   912.99999999999125       ,    -5.7400616992815238E-013
   913.99999999999113       ,    -5.7284033088655550E-013
   914.99999999999113       ,    -5.7167795243090052E-013
   915.99999999999113       ,    -5.7051902120272493E-013
   916.99999999999102       ,    -5.6936352390647039E-013
   917.99999999999102       ,    -5.6821144730969612E-013
   918.99999999999102       ,    -5.6706277824218176E-013
   919.99999999999102       ,    -5.6591750359306745E-013
   920.99999999999091       ,    -5.6477561031525579E-013
   921.99999999999091       ,    -5.6363708542183528E-013
   922.99999999999091       ,    -5.6250191598536819E-013
   923.99999999999091       ,    -5.6137008914037146E-013
   924.99999999999079       ,    -5.6024159208041374E-013
   925.99999999999079       ,    -5.5911641205832584E-013
   926.99999999999079       ,    -5.5799453638804774E-013
   927.99999999999068       ,    -5.5687595243968746E-013
   928.99999999999068       ,    -5.5576064764506114E-013
   929.99999999999068       ,    -5.5464860949156438E-013
   930.99999999999068       ,    -5.5353982552713789E-013
   931.99999999999056       ,    -5.5243428335562616E-013
   932.99999999999056       ,    -5.5133197063959491E-013
   933.99999999999056       ,    -5.5023287509725291E-013
   934.99999999999056       ,    -5.4913698450552318E-013
   935.99999999999045       ,    -5.4804428669564542E-013
   936.99999999999045       ,    -5.4695476955698126E-013
   937.99999999999045       ,    -5.4586842103428710E-013
   938.99999999999045       ,    -5.4478522912685084E-013
   939.99999999999034       ,    -5.4370518189087197E-013
   940.99999999999034       ,    -5.4262826743604277E-013
   941.99999999999034       ,    -5.4155447392852394E-013
   942.99999999999022       ,    -5.4048378958691257E-013
   943.99999999999022       ,    -5.3941620268544899E-013
   944.99999999999022       ,    -5.3835170155192492E-013
   945.99999999999022       ,    -5.3729027456659723E-013
   946.99999999999011       ,    -5.3623191016503334E-013
   947.99999999999011       ,    -5.3517659683346699E-013
   948.99999999999011       ,    -5.3412432311270627E-013
   949.99999999999011       ,    -5.3307507759559792E-013
   950.99999999999000       ,    -5.3202884892552646E-013
   951.99999999999000       ,    -5.3098562580052872E-013
   952.99999999999000       ,    -5.2994539696797810E-013
   953.99999999998988       ,    -5.2890815122794291E-013
   954.99999999999000       ,    -5.2787387742991481E-013
   955.99999999999011       ,    -5.2684256447647958E-013
   956.99999999999011       ,    -5.2581420131896954E-013
   957.99999999999022       ,    -5.2478877695909350E-013
   958.99999999999034       ,    -5.2376628044925168E-013
   959.99999999999034       ,    -5.2274670089134808E-013
   960.99999999999045       ,    -5.2173002743625456E-013
   961.99999999999056       ,    -5.2071624928510873E-013
   962.99999999999056       ,    -5.1970535568615187E-013
   963.99999999999068       ,    -5.1869733593848473E-013
   964.99999999999079       ,    -5.1769217938897836E-013
   965.99999999999079       ,    -5.1668987543020533E-013
   966.99999999999091       ,    -5.1569041350744725E-013
   967.99999999999102       ,    -5.1469378310805492E-013
   968.99999999999102       ,    -5.1369997377166053E-013
   969.99999999999113       ,    -5.1270897508272640E-013
   970.99999999999125       ,    -5.1172077667191630E-013
   971.99999999999125       ,    -5.1073536821911590E-013
   972.99999999999136       ,    -5.0975273944833607E-013
   973.99999999999147       ,    -5.0877288012952076E-013
   974.99999999999147       ,    -5.0779578008118269E-013
   975.99999999999159       ,    -5.0682142916545010E-013
   976.99999999999170       ,    -5.0584981728973057E-013
   977.99999999999170       ,    -5.0488093440810843E-013
   978.99999999999181       ,    -5.0391477051852785E-013
   979.99999999999193       ,    -5.0295131566404747E-013
   980.99999999999193       ,    -5.0199055993151311E-013
   981.99999999999204       ,    -5.0103249345432187E-013
   982.99999999999216       ,    -5.0007710640654895E-013
   983.99999999999216       ,    -4.9912438900908804E-013
   984.99999999999227       ,    -4.9817433152488151E-013
   985.99999999999238       ,    -4.9722692426080470E-013
   986.99999999999238       ,    -4.9628215756591139E-013
   987.99999999999250       ,    -4.9534002183334895E-013
   988.99999999999261       ,    -4.9440050749896294E-013
   989.99999999999261       ,    -4.9346360503986482E-013
   990.99999999999272       ,    -4.9252930497680003E-013
   991.99999999999284       ,    -4.9159759787158459E-013
   992.99999999999284       ,    -4.9066847432885733E-013
   993.99999999999295       ,    -4.8974192499375736E-013
   994.99999999999307       ,    -4.8881794055309865E-013
   995.99999999999307       ,    -4.8789651173552737E-013
   996.99999999999318       ,    -4.8697762930989771E-013
   997.99999999999329       ,    -4.8606128408629547E-013
   998.99999999999329       ,    -4.8514746691473710E-013
   999.99999999999341       ,    -4.8423616868632938E-013
   1000.9999999999935       ,    -4.8332738033214650E-013
   1001.9999999999935       ,    -4.8242109282261452E-013
   1002.9999999999936       ,    -4.8151729716810972E-013
   1003.9999999999937       ,    -4.8061598442000100E-013
   1004.9999999999937       ,    -4.7971714566597120E-013
   1005.9999999999939       ,    -4.7882077203533159E-013
   1006.9999999999939       ,    -4.7792685469523989E-013
   1007.9999999999940       ,    -4.7703538485113980E-013
   1008.9999999999941       ,    -4.7614635374904523E-013
   1009.9999999999941       ,    -4.7525975267057007E-013
   1010.9999999999942       ,    -4.7437557293736952E-013
   1011.9999999999943       ,    -4.7349380590814783E-013
   1012.9999999999943       ,    -4.7261444297915863E-013
   1013.9999999999944       ,    -4.7173747558520153E-013
   1014.9999999999945       ,    -4.7086289519789407E-013
   1015.9999999999945       ,    -4.6999069332527587E-013
   1016.9999999999947       ,    -4.6912086151328775E-013
   1017.9999999999948       ,    -4.6825339134431986E-013
   1018.9999999999948       ,    -4.6738827443690165E-013
   1019.9999999999949       ,    -4.6652550244726651E-013
   1020.9999999999950       ,    -4.6566506706608893E-013
   1021.9999999999950       ,    -4.6480696002205605E-013
   1022.9999999999951       ,    -4.6395117307757503E-013
   1023.9999999999952       ,    -4.6309769803264401E-013
   1024.9999999999952       ,    -4.6224652672119452E-013
   1025.9999999999955       ,    -4.6139765101386927E-013
   1026.9999999999955       ,    -4.6055106281530071E-013
   1027.9999999999955       ,    -4.5970675406615343E-013
   1028.9999999999957       ,    -4.5886471674029011E-013
   1029.9999999999957       ,    -4.5802494284740270E-013
   1030.9999999999957       ,    -4.5718742443145068E-013
   1031.9999999999959       ,    -4.5635215357002347E-013
   1032.9999999999959       ,    -4.5551912237643862E-013
   1033.9999999999959       ,    -4.5468832299591192E-013
   1034.9999999999959       ,    -4.5385974760785426E-013
   1035.9999999999961       ,    -4.5303338842682914E-013
   1036.9999999999961       ,    -4.5220923769829905E-013
   1037.9999999999961       ,    -4.5138728770266971E-013
   1038.9999999999964       ,    -4.5056753075337821E-013
   1039.9999999999964       ,    -4.4974995919609342E-013
   1040.9999999999964       ,    -4.4893456540972251E-013
   1041.9999999999966       ,    -4.4812134180466076E-013
   1042.9999999999966       ,    -4.4731028082565473E-013
   1043.9999999999966       ,    -4.4650137494769926E-013
   1044.9999999999968       ,    -4.4569461667935910E-013
   1045.9999999999968       ,    -4.4488999855962323E-013
   1046.9999999999968       ,    -4.4408751316171587E-013
   1047.9999999999970       ,    -4.4328715308745254E-013
   1048.9999999999970       ,    -4.4248891097194542E-013
   1049.9999999999970       ,    -4.4169277948104175E-013
   1050.9999999999973       ,    -4.4089875131214211E-013
   1051.9999999999973       ,    -4.4010681919309296E-013
   1052.9999999999973       ,    -4.3931697588325271E-013
   1053.9999999999975       ,    -4.3852921417172333E-013
   1054.9999999999975       ,    -4.3774352687853972E-013
   1055.9999999999975       ,    -4.3695990685444439E-013
   1056.9999999999977       ,    -4.3617834698001768E-013
   1057.9999999999977       ,    -4.3539884016618419E-013
   1058.9999999999977       ,    -4.3462137935289732E-013
   1059.9999999999980       ,    -4.3384595751149481E-013
   1060.9999999999980       ,    -4.3307256764119333E-013
   1061.9999999999980       ,    -4.3230120277246846E-013
   1062.9999999999982       ,    -4.3153185596312281E-013
   1063.9999999999982       ,    -4.3076452030184243E-013
   1064.9999999999982       ,    -4.2999918890566433E-013
   1065.9999999999984       ,    -4.2923585492034067E-013
   1066.9999999999984       ,    -4.2847451152050685E-013
   1067.9999999999984       ,    -4.2771515191028820E-013
   1068.9999999999986       ,    -4.2695776932061745E-013
   1069.9999999999986       ,    -4.2620235701148184E-013
   1070.9999999999986       ,    -4.2544890827186195E-013
   1071.9999999999989       ,    -4.2469741641819595E-013
   1072.9999999999989       ,    -4.2394787479433622E-013
   1073.9999999999989       ,    -4.2320027677245591E-013
   1074.9999999999991       ,    -4.2245461575227794E-013
   1075.9999999999991       ,    -4.2171088516164430E-013
   1076.9999999999991       ,    -4.2096907845416719E-013
   1077.9999999999993       ,    -4.2022918911240685E-013
   1078.9999999999993       ,    -4.1949121064475496E-013
   1079.9999999999993       ,    -4.1875513658763553E-013
   1080.9999999999995       ,    -4.1802096050379747E-013
   1081.9999999999995       ,    -4.1728867598282257E-013
   1082.9999999999995       ,    -4.1655827663986361E-013
   1083.9999999999998       ,    -4.1582975611840540E-013
   1084.9999999999998       ,    -4.1510310808693322E-013
   1085.9999999999998       ,    -4.1437832624031461E-013
   1087.0000000000000       ,    -4.1365540430041421E-013
   1088.0000000000000       ,    -4.1293433601323107E-013
   1089.0000000000000       ,    -4.1221511515218044E-013
   1090.0000000000002       ,    -4.1149773551587792E-013
   1091.0000000000002       ,    -4.1078219092765747E-013
   1092.0000000000002       ,    -4.1006847523826494E-013
   1093.0000000000005       ,    -4.0935658232190236E-013
   1094.0000000000005       ,    -4.0864650607848269E-013
   1095.0000000000005       ,    -4.0793824043336619E-013
   1096.0000000000007       ,    -4.0723177933671942E-013
   1097.0000000000007       ,    -4.0652711676350570E-013
   1098.0000000000007       ,    -4.0582424671291507E-013
   1099.0000000000009       ,    -4.0512316320957673E-013
   1100.0000000000009       ,    -4.0442386030195459E-013
   1101.0000000000009       ,    -4.0372633206328888E-013
   1102.0000000000011       ,    -4.0303057259061743E-013
   1103.0000000000011       ,    -4.0233657600581575E-013
   1104.0000000000011       ,    -4.0164433645388251E-013
   1105.0000000000014       ,    -4.0095384810397675E-013
   1106.0000000000014       ,    -4.0026510514964947E-013
   1107.0000000000014       ,    -3.9957810180751203E-013
   1108.0000000000016       ,    -3.9889283231749632E-013
   1109.0000000000016       ,    -3.9820929094383513E-013
   1110.0000000000016       ,    -3.9752747197352737E-013
   1111.0000000000018       ,    -3.9684736971626996E-013
   1112.0000000000018       ,    -3.9616897850616884E-013
   1113.0000000000018       ,    -3.9549229269909831E-013
   1114.0000000000020       ,    -3.9481730667441271E-013
   1115.0000000000020       ,    -3.9414401483447880E-013
   1116.0000000000020       ,    -3.9347241160296536E-013
   1117.0000000000023       ,    -3.9280249142809289E-013
   1118.0000000000023       ,    -3.9213424877929745E-013
   1119.0000000000023       ,    -3.9146767814839544E-013
   1120.0000000000025       ,    -3.9080277404954438E-013
   1121.0000000000025       ,    -3.9013953101919765E-013
   1122.0000000000025       ,    -3.8947794361616294E-013
   1123.0000000000027       ,    -3.8881800641994009E-013
   1124.0000000000027       ,    -3.8815971403380204E-013
   1125.0000000000027       ,    -3.8750306108067259E-013
   1126.0000000000030       ,    -3.8684804220643846E-013
   1127.0000000000030       ,    -3.8619465207761471E-013
   1128.0000000000030       ,    -3.8554288538258262E-013
   1129.0000000000032       ,    -3.8489273683224609E-013
   1130.0000000000032       ,    -3.8424420115555818E-013
   1131.0000000000032       ,    -3.8359727310602059E-013
   1132.0000000000034       ,    -3.8295194745593803E-013
   1133.0000000000034       ,    -3.8230821899869661E-013
   1134.0000000000034       ,    -3.8166608255043474E-013
   1135.0000000000036       ,    -3.8102553294486085E-013
   1136.0000000000036       ,    -3.8038656503919173E-013
   1137.0000000000036       ,    -3.7974917370927003E-013
   1138.0000000000039       ,    -3.7911335385247501E-013
   1139.0000000000039       ,    -3.7847910038579181E-013
   1140.0000000000039       ,    -3.7784640824693269E-013
   1141.0000000000041       ,    -3.7721527239317320E-013
   1142.0000000000041       ,    -3.7658568780247986E-013
   1143.0000000000041       ,    -3.7595764947210913E-013
   1144.0000000000043       ,    -3.7533115241985583E-013
   1145.0000000000043       ,    -3.7470619168260736E-013
   1146.0000000000043       ,    -3.7408276231701162E-013
   1147.0000000000045       ,    -3.7346085940025546E-013
   1148.0000000000045       ,    -3.7284047802796388E-013
   1149.0000000000045       ,    -3.7222161331477106E-013
   1150.0000000000045       ,    -3.7160426039623685E-013
   1151.0000000000048       ,    -3.7098841442537073E-013
   1152.0000000000048       ,    -3.7037407057561578E-013
   1153.0000000000048       ,    -3.6976122403860033E-013
   1154.0000000000050       ,    -3.6914987002562107E-013
   1155.0000000000050       ,    -3.6854000376599915E-013
   1156.0000000000050       ,    -3.6793162050858755E-013
   1157.0000000000052       ,    -3.6732471552032777E-013
   1158.0000000000052       ,    -3.6671928408720937E-013
   1159.0000000000052       ,    -3.6611532151351630E-013
   1160.0000000000055       ,    -3.6551282312164458E-013
   1161.0000000000055       ,    -3.6491178425328078E-013
   1162.0000000000055       ,    -3.6431220026704443E-013
   1163.0000000000057       ,    -3.6371406654095132E-013
   1164.0000000000057       ,    -3.6311737847023302E-013
   1165.0000000000057       ,    -3.6252213146847360E-013
   1166.0000000000059       ,    -3.6192832096743191E-013
   1167.0000000000059       ,    -3.6133594241624657E-013
   1168.0000000000059       ,    -3.6074499128187737E-013
   1169.0000000000061       ,    -3.6015546304889281E-013
   1170.0000000000061       ,    -3.5956735322021522E-013
   1171.0000000000061       ,    -3.5898065731505292E-013
   1172.0000000000064       ,    -3.5839537087097961E-013
   1173.0000000000064       ,    -3.5781148944273148E-013
   1174.0000000000064       ,    -3.5722900860205603E-013
   1175.0000000000066       ,    -3.5664792393760966E-013
   1176.0000000000066       ,    -3.5606823105608063E-013
   1177.0000000000066       ,    -3.5548992558049933E-013
   1178.0000000000068       ,    -3.5491300315104167E-013
   1179.0000000000068       ,    -3.5433745942467297E-013
   1180.0000000000068       ,    -3.5376329007523951E-013
   1181.0000000000070       ,    -3.5319049079333303E-013
   1182.0000000000070       ,    -3.5261905728609872E-013
   1183.0000000000070       ,    -3.5204898527725343E-013
   1184.0000000000073       ,    -3.5148027050737706E-013
   1185.0000000000073       ,    -3.5091290873245599E-013
   1186.0000000000073       ,    -3.5034689572647769E-013
   1187.0000000000075       ,    -3.4978222727808082E-013
   1188.0000000000075       ,    -3.4921889919308266E-013
   1189.0000000000075       ,    -3.4865690729258001E-013
   1190.0000000000077       ,    -3.4809624741475207E-013
   1191.0000000000077       ,    -3.4753691541295670E-013
   1192.0000000000077       ,    -3.4697890715719663E-013
   1193.0000000000080       ,    -3.4642221853223554E-013
   1194.0000000000080       ,    -3.4586684543965430E-013
   1195.0000000000080       ,    -3.4531278379605032E-013
   1196.0000000000082       ,    -3.4476002953367480E-013
   1197.0000000000082       ,    -3.4420857860119960E-013
   1198.0000000000082       ,    -3.4365842696151339E-013
   1199.0000000000084       ,    -3.4310957059358343E-013
   1200.0000000000084       ,    -3.4256200549159004E-013
   1201.0000000000084       ,    -3.4201572766525666E-013
   1202.0000000000086       ,    -3.4147073313926176E-013
   1203.0000000000086       ,    -3.4092701795322422E-013
   1204.0000000000086       ,    -3.4038457816204802E-013
   1205.0000000000089       ,    -3.3984340983584294E-013
   1206.0000000000089       ,    -3.3930350905908464E-013
   1207.0000000000089       ,    -3.3876487193164854E-013
   1208.0000000000091       ,    -3.3822749456807434E-013
   1209.0000000000091       ,    -3.3769137309709991E-013
   1210.0000000000091       ,    -3.3715650366321528E-013
   1211.0000000000093       ,    -3.3662288242448154E-013
   1212.0000000000093       ,    -3.3609050555397747E-013
   1213.0000000000093       ,    -3.3555936923895964E-013
   1214.0000000000095       ,    -3.3502946968171004E-013
   1215.0000000000095       ,    -3.3450080309774757E-013
   1216.0000000000095       ,    -3.3397336571836404E-013
   1217.0000000000098       ,    -3.3344715378788846E-013
   1218.0000000000098       ,    -3.3292216356483575E-013
   1219.0000000000098       ,    -3.3239839132229352E-013
   1220.0000000000100       ,    -3.3187583334739057E-013
   1221.0000000000100       ,    -3.3135448594061501E-013
   1222.0000000000100       ,    -3.3083434541721751E-013
   1223.0000000000102       ,    -3.3031540810536604E-013
   1224.0000000000102       ,    -3.2979767034796490E-013
   1225.0000000000102       ,    -3.2928112850060097E-013
   1226.0000000000105       ,    -3.2876577893313825E-013
   1227.0000000000105       ,    -3.2825161802919143E-013
   1228.0000000000105       ,    -3.2773864218542468E-013
   1229.0000000000107       ,    -3.2722684781237280E-013
   1230.0000000000107       ,    -3.2671623133337701E-013
   1231.0000000000107       ,    -3.2620678918611225E-013
   1232.0000000000109       ,    -3.2569851782035619E-013
   1233.0000000000109       ,    -3.2519141370032087E-013
   1234.0000000000109       ,    -3.2468547330255951E-013
   1235.0000000000111       ,    -3.2418069311671007E-013
   1236.0000000000111       ,    -3.2367706964643444E-013
   1237.0000000000111       ,    -3.2317459940705691E-013
   1238.0000000000114       ,    -3.2267327892787355E-013
   1239.0000000000114       ,    -3.2217310475082516E-013
   1240.0000000000114       ,    -3.2167407343008800E-013
   1241.0000000000116       ,    -3.2117618153387685E-013
   1242.0000000000116       ,    -3.2067942564145254E-013
   1243.0000000000116       ,    -3.2018380234619479E-013
   1244.0000000000118       ,    -3.1968930825351134E-013
   1245.0000000000118       ,    -3.1919593998100356E-013
   1246.0000000000118       ,    -3.1870369415959239E-013
   1247.0000000000121       ,    -3.1821256743176217E-013
   1248.0000000000121       ,    -3.1772255645338121E-013
   1249.0000000000121       ,    -3.1723365789150816E-013
   1250.0000000000123       ,    -3.1674586842646785E-013
   1251.0000000000123       ,    -3.1625918475067186E-013
   1252.0000000000123       ,    -3.1577360356774780E-013
   1253.0000000000125       ,    -3.1528912159460285E-013
   1254.0000000000125       ,    -3.1480573555961342E-013
   1255.0000000000125       ,    -3.1432344220319531E-013
   1256.0000000000127       ,    -3.1384223827834281E-013
   1257.0000000000127       ,    -3.1336212054912561E-013
   1258.0000000000127       ,    -3.1288308579147187E-013
   1259.0000000000130       ,    -3.1240513079381726E-013
   1260.0000000000130       ,    -3.1192825235610701E-013
   1261.0000000000130       ,    -3.1145244728986137E-013
   1262.0000000000132       ,    -3.1097771241816864E-013
   1263.0000000000132       ,    -3.1050404457592450E-013
   1264.0000000000132       ,    -3.1003144060922113E-013
   1265.0000000000132       ,    -3.0955989737633111E-013
   1266.0000000000134       ,    -3.0908941174634517E-013
   1267.0000000000134       ,    -3.0861998059988197E-013
   1268.0000000000134       ,    -3.0815160082927918E-013
   1269.0000000000136       ,    -3.0768426933771687E-013
   1270.0000000000136       ,    -3.0721798304018527E-013
   1271.0000000000136       ,    -3.0675273886227640E-013
   1272.0000000000139       ,    -3.0628853374077548E-013
   1273.0000000000139       ,    -3.0582536462430631E-013
   1274.0000000000139       ,    -3.0536322847189328E-013
   1275.0000000000141       ,    -3.0490212225370706E-013
   1276.0000000000141       ,    -3.0444204295076120E-013
   1277.0000000000141       ,    -3.0398298755564990E-013
   1278.0000000000143       ,    -3.0352495307127106E-013
   1279.0000000000143       ,    -3.0306793651093646E-013
   1280.0000000000143       ,    -3.0261193489983526E-013
   1281.0000000000146       ,    -3.0215694527328177E-013
   1282.0000000000146       ,    -3.0170296467689326E-013
   1283.0000000000146       ,    -3.0124999016761118E-013
   1284.0000000000148       ,    -3.0079801881294404E-013
   1285.0000000000148       ,    -3.0034704769037031E-013
   1286.0000000000148       ,    -2.9989707388854869E-013
   1287.0000000000150       ,    -2.9944809450653817E-013
   1288.0000000000150       ,    -2.9900010665282959E-013
   1289.0000000000150       ,    -2.9855310744770704E-013
   1290.0000000000152       ,    -2.9810709402064686E-013
   1291.0000000000152       ,    -2.9766206351239288E-013
   1292.0000000000152       ,    -2.9721801307327154E-013
   1293.0000000000155       ,    -2.9677493986394666E-013
   1294.0000000000155       ,    -2.9633284105529541E-013
   1295.0000000000155       ,    -2.9589171382795910E-013
   1296.0000000000157       ,    -2.9545155537388402E-013
   1297.0000000000157       ,    -2.9501236289312256E-013
   1298.0000000000157       ,    -2.9457413359737145E-013
   1299.0000000000159       ,    -2.9413686470764509E-013
   1300.0000000000159       ,    -2.9370055345474317E-013
   1301.0000000000159       ,    -2.9326519707912820E-013
   1302.0000000000161       ,    -2.9283079283197950E-013
   1303.0000000000161       ,    -2.9239733797326245E-013
   1304.0000000000161       ,    -2.9196482977343415E-013
   1305.0000000000164       ,    -2.9153326551178696E-013
   1306.0000000000164       ,    -2.9110264247833174E-013
   1307.0000000000164       ,    -2.9067295797178220E-013
   1308.0000000000166       ,    -2.9024420930144715E-013
   1309.0000000000166       ,    -2.8981639378465683E-013
   1310.0000000000166       ,    -2.8938950874960724E-013
   1311.0000000000168       ,    -2.8896355153330568E-013
   1312.0000000000168       ,    -2.8853851948254053E-013
   1313.0000000000168       ,    -2.8811440995292858E-013
   1314.0000000000171       ,    -2.8769122030986337E-013
   1315.0000000000171       ,    -2.8726894792792453E-013
   1316.0000000000171       ,    -2.8684759019083934E-013
   1317.0000000000173       ,    -2.8642714449210121E-013
   1318.0000000000173       ,    -2.8600760823338907E-013
   1319.0000000000173       ,    -2.8558897882633275E-013
   1320.0000000000175       ,    -2.8517125369158126E-013
   1321.0000000000175       ,    -2.8475443025813977E-013
   1322.0000000000175       ,    -2.8433850596517999E-013
   1323.0000000000177       ,    -2.8392347825993975E-013
   1324.0000000000177       ,    -2.8350934459918677E-013
   1325.0000000000177       ,    -2.8309610244802557E-013
   1326.0000000000180       ,    -2.8268374928090611E-013
   1327.0000000000180       ,    -2.8227228258102758E-013
   1328.0000000000180       ,    -2.8186169984035848E-013
   1329.0000000000182       ,    -2.8145199855987575E-013
   1330.0000000000182       ,    -2.8104317624848292E-013
   1331.0000000000182       ,    -2.8063523042481391E-013
   1332.0000000000184       ,    -2.8022815861566204E-013
   1333.0000000000184       ,    -2.7982195835612511E-013
   1334.0000000000184       ,    -2.7941662719045439E-013
   1335.0000000000186       ,    -2.7901216267142518E-013
   1336.0000000000186       ,    -2.7860856235975491E-013
   1337.0000000000186       ,    -2.7820582382559199E-013
   1338.0000000000189       ,    -2.7780394464644178E-013
   1339.0000000000189       ,    -2.7740292240894370E-013
   1340.0000000000189       ,    -2.7700275470819542E-013
   1341.0000000000191       ,    -2.7660343914699447E-013
   1342.0000000000191       ,    -2.7620497333683490E-013
   1343.0000000000191       ,    -2.7580735489787423E-013
   1344.0000000000193       ,    -2.7541058145779926E-013
   1345.0000000000193       ,    -2.7501465065300095E-013
   1346.0000000000193       ,    -2.7461956012746298E-013
   1347.0000000000196       ,    -2.7422530753436840E-013
   1348.0000000000196       ,    -2.7383189053402804E-013
   1349.0000000000196       ,    -2.7343930679490750E-013
   1350.0000000000198       ,    -2.7304755399409039E-013
   1351.0000000000198       ,    -2.7265662981617500E-013
   1352.0000000000198       ,    -2.7226653195395910E-013
   1353.0000000000200       ,    -2.7187725810811320E-013
   1354.0000000000200       ,    -2.7148880598736754E-013
   1355.0000000000200       ,    -2.7110117330793799E-013
   1356.0000000000202       ,    -2.7071435779429875E-013
   1357.0000000000202       ,    -2.7032835717853531E-013
   1358.0000000000202       ,    -2.6994316920036533E-013
   1359.0000000000205       ,    -2.6955879160789284E-013
   1360.0000000000205       ,    -2.6917522215621434E-013
   1361.0000000000205       ,    -2.6879245860833864E-013
   1362.0000000000207       ,    -2.6841049873516602E-013
   1363.0000000000207       ,    -2.6802934031462258E-013
   1364.0000000000207       ,    -2.6764898113314018E-013
   1365.0000000000209       ,    -2.6726941898416325E-013
   1366.0000000000209       ,    -2.6689065166857638E-013
   1367.0000000000209       ,    -2.6651267699501077E-013
   1368.0000000000211       ,    -2.6613549277921226E-013
   1369.0000000000211       ,    -2.6575909684485325E-013
   1370.0000000000211       ,    -2.6538348702286176E-013
   1371.0000000000214       ,    -2.6500866115149864E-013
   1372.0000000000214       ,    -2.6463461707616867E-013
   1373.0000000000214       ,    -2.6426135264974632E-013
   1374.0000000000216       ,    -2.6388886573273881E-013
   1375.0000000000216       ,    -2.6351715419260441E-013
   1376.0000000000216       ,    -2.6314621590342481E-013
   1377.0000000000216       ,    -2.6277604874806468E-013
   1378.0000000000218       ,    -2.6240665061484160E-013
   1379.0000000000218       ,    -2.6203801940041375E-013
   1380.0000000000218       ,    -2.6167015300819575E-013
   1381.0000000000221       ,    -2.6130304934820046E-013
   1382.0000000000221       ,    -2.6093670633812247E-013
   1383.0000000000221       ,    -2.6057112190264932E-013
   1384.0000000000223       ,    -2.6020629397319391E-013
   1385.0000000000223       ,    -2.5984222048810736E-013
   1386.0000000000223       ,    -2.5947889939318279E-013
   1387.0000000000225       ,    -2.5911632864092837E-013
   1388.0000000000225       ,    -2.5875450618993622E-013
   1389.0000000000225       ,    -2.5839343000685334E-013
   1390.0000000000227       ,    -2.5803309806469129E-013
   1391.0000000000227       ,    -2.5767350834301858E-013
   1392.0000000000227       ,    -2.5731465882847621E-013
   1393.0000000000230       ,    -2.5695654751436545E-013
   1394.0000000000230       ,    -2.5659917240093648E-013
   1395.0000000000230       ,    -2.5624253149504627E-013
   1396.0000000000232       ,    -2.5588662280927309E-013
   1397.0000000000232       ,    -2.5553144436477518E-013
   1398.0000000000232       ,    -2.5517699418796564E-013
   1399.0000000000234       ,    -2.5482327031176414E-013
   1400.0000000000234       ,    -2.5447027077632288E-013
   1401.0000000000234       ,    -2.5411799362797383E-013
   1402.0000000000236       ,    -2.5376643691975815E-013
   1403.0000000000236       ,    -2.5341559871120836E-013
   1404.0000000000236       ,    -2.5306547706801425E-013
   1405.0000000000239       ,    -2.5271607006242267E-013
   1406.0000000000239       ,    -2.5236737577364825E-013
   1407.0000000000239       ,    -2.5201939228656227E-013
   1408.0000000000241       ,    -2.5167211769252228E-013
   1409.0000000000241       ,    -2.5132555008955160E-013
   1410.0000000000241       ,    -2.5097968758188207E-013
   1411.0000000000243       ,    -2.5063452827988478E-013
   1412.0000000000243       ,    -2.5029007030034829E-013
   1413.0000000000243       ,    -2.4994631176584959E-013
   1414.0000000000246       ,    -2.4960325080648168E-013
   1415.0000000000246       ,    -2.4926088555664265E-013
   1416.0000000000246       ,    -2.4891921415842722E-013
   1417.0000000000248       ,    -2.4857823475921815E-013
   1418.0000000000248       ,    -2.4823794551318837E-013
   1419.0000000000248       ,    -2.4789834457981224E-013
   1420.0000000000250       ,    -2.4755943012537756E-013
   1421.0000000000250       ,    -2.4722120032163206E-013
   1422.0000000000250       ,    -2.4688365334702594E-013
   1423.0000000000252       ,    -2.4654678738501600E-013
   1424.0000000000252       ,    -2.4621060062615670E-013
   1425.0000000000252       ,    -2.4587509126626213E-013
   1426.0000000000255       ,    -2.4554025750711034E-013
   1427.0000000000255       ,    -2.4520609755643965E-013
   1428.0000000000255       ,    -2.4487260962814553E-013
   1429.0000000000257       ,    -2.4453979194184328E-013
   1430.0000000000257       ,    -2.4420764272268987E-013
   1431.0000000000257       ,    -2.4387616020187741E-013
   1432.0000000000259       ,    -2.4354534261646135E-013
   1433.0000000000259       ,    -2.4321518820950882E-013
   1434.0000000000259       ,    -2.4288569522911963E-013
   1435.0000000000261       ,    -2.4255686192963704E-013
   1436.0000000000261       ,    -2.4222868657102793E-013
   1437.0000000000261       ,    -2.4190116741904426E-013
   1438.0000000000264       ,    -2.4157430274471463E-013
   1439.0000000000264       ,    -2.4124809082526138E-013
   1440.0000000000264       ,    -2.4092252994299026E-013
   1441.0000000000266       ,    -2.4059761838626610E-013
   1442.0000000000266       ,    -2.4027335444845542E-013
   1443.0000000000266       ,    -2.3994973642898832E-013
   1444.0000000000268       ,    -2.3962676263254030E-013
   1445.0000000000268       ,    -2.3930443136940485E-013
   1446.0000000000268       ,    -2.3898274095554845E-013
   1447.0000000000271       ,    -2.3866168971213337E-013
   1448.0000000000271       ,    -2.3834127596565769E-013
   1449.0000000000271       ,    -2.3802149804835695E-013
   1450.0000000000273       ,    -2.3770235429768001E-013
   1451.0000000000273       ,    -2.3738384305654764E-013
   1452.0000000000273       ,    -2.3706596267317439E-013
   1453.0000000000275       ,    -2.3674871150137913E-013
   1454.0000000000275       ,    -2.3643208789957764E-013
   1455.0000000000275       ,    -2.3611609023228896E-013
   1456.0000000000277       ,    -2.3580071686899369E-013
   1457.0000000000277       ,    -2.3548596618436027E-013
   1458.0000000000277       ,    -2.3517183655839103E-013
   1459.0000000000280       ,    -2.3485832637634858E-013
   1460.0000000000280       ,    -2.3454543402837491E-013
   1461.0000000000280       ,    -2.3423315791033911E-013
   1462.0000000000282       ,    -2.3392149642285162E-013
   1463.0000000000282       ,    -2.3361044797163102E-013
   1464.0000000000282       ,    -2.3330001096797450E-013
   1465.0000000000284       ,    -2.3299018382759122E-013
   1466.0000000000284       ,    -2.3268096497186515E-013
   1467.0000000000284       ,    -2.3237235282725344E-013
   1468.0000000000286       ,    -2.3206434582445145E-013
   1469.0000000000286       ,    -2.3175694240018489E-013
   1470.0000000000286       ,    -2.3145014099550883E-013
   1471.0000000000289       ,    -2.3114394005698381E-013
   1472.0000000000289       ,    -2.3083833803546657E-013
   1473.0000000000289       ,    -2.3053333338748093E-013
   1474.0000000000291       ,    -2.3022892457403996E-013
   1475.0000000000291       ,    -2.2992511006105838E-013
   1476.0000000000291       ,    -2.2962188831957682E-013
   1477.0000000000293       ,    -2.2931925782516237E-013
   1478.0000000000293       ,    -2.2901721705880589E-013
   1479.0000000000293       ,    -2.2871576450550327E-013
   1480.0000000000296       ,    -2.2841489865605439E-013
   1481.0000000000296       ,    -2.2811461800536707E-013
   1482.0000000000296       ,    -2.2781492105306498E-013
   1483.0000000000298       ,    -2.2751580630382786E-013
   1484.0000000000298       ,    -2.2721727226736339E-013
   1485.0000000000298       ,    -2.2691931745748820E-013
   1486.0000000000300       ,    -2.2662194039307303E-013
   1487.0000000000300       ,    -2.2632513959757681E-013
   1488.0000000000300       ,    -2.2602891359918051E-013
   1489.0000000000302       ,    -2.2573326093083505E-013
   1490.0000000000302       ,    -2.2543818012989497E-013
   1491.0000000000302       ,    -2.2514366973828682E-013
   1492.0000000000302       ,    -2.2484972830294843E-013
   1493.0000000000305       ,    -2.2455635437497355E-013
   1494.0000000000305       ,    -2.2426354651037064E-013
   1495.0000000000305       ,    -2.2397130326937500E-013
   1496.0000000000307       ,    -2.2367962321686085E-013
   1497.0000000000307       ,    -2.2338850492253101E-013
   1498.0000000000307       ,    -2.2309794696007039E-013
   1499.0000000000309       ,    -2.2280794790798866E-013
   1500.0000000000309       ,    -2.2251850634919545E-013
